0.000000 0.000000 0.000000 0.000000
-0.001985 1.304173 -0.004250 1.309196
0.004474 2.580554 -0.010302 2.592292
-0.022432 3.826425 -0.036422 3.837022
-0.062354 5.024307 -0.084217 5.045550
-0.110476 6.153886 -0.138488 6.189690
-0.173716 7.184164 -0.216107 7.225823
-0.240808 8.122583 -0.284453 8.143576
-0.303763 8.925567 -0.349554 8.955305
-0.358652 9.678387 -0.401898 9.715462
-0.423007 10.408890 -0.462631 10.452840
-0.473330 11.133840 -0.513740 11.182850
-0.530553 11.832740 -0.573067 11.887250
-0.581201 12.555190 -0.620052 12.594460
-0.643614 13.315160 -0.680332 13.362730
-0.693931 14.247920 -0.729869 14.291210
-0.759192 15.304420 -0.787332 15.356480
-0.817978 16.463030 -0.841945 16.524120
-0.874949 17.710220 -0.900437 17.778180
-0.946641 19.086630 -0.980773 19.115370
-1.038219 20.497400 -1.084273 20.524100
-1.118786 21.967840 -1.169019 21.985640
-1.225725 23.448020 -1.279019 23.449650
-1.319481 24.947040 -1.373572 24.949760
-1.423788 26.477120 -1.484193 26.471800
-1.509602 28.089120 -1.575087 28.038270
-1.587712 29.684260 -1.665619 29.634780
-1.666879 31.312340 -1.753987 31.255690
-1.746956 32.983870 -1.844725 32.921950
-1.831554 34.706170 -1.936608 34.644950
-1.918746 36.523890 -2.035491 36.416970
-2.003063 38.255410 -2.136741 38.219590
-2.102007 40.120510 -2.243273 40.031040
-2.206030 41.936790 -2.363706 41.846470
-2.315294 43.764500 -2.481676 43.684240
-2.433193 45.596750 -2.602200 45.530000
-2.546772 47.419520 -2.726721 47.368580
-2.683310 49.251370 -2.872149 49.207820
-2.819188 51.102540 -3.021512 51.056920
-2.958254 52.989320 -3.163019 52.904400
-3.073765 54.808080 -3.287615 54.730280
-3.198579 56.635960 -3.416498 56.557480
-3.314226 58.456980 -3.538757 58.397390
-3.433079 60.264510 -3.671728 60.228550
-3.543937 62.056460 -3.804733 62.018440
-3.657196 63.826530 -3.945423 63.790010
-3.778821 65.632280 -4.078088 65.553190
-3.905144 67.361820 -4.226030 67.286560
-4.044236 69.071220 -4.386043 69.011690
-4.197083 70.756520 -4.557921 70.715670
-4.365936 72.410770 -4.740160 72.371580
-4.536281 73.989950 -4.929598 73.936580
-4.691171 75.438820 -5.101344 75.399400
-4.780653 76.803710 -5.193117 76.726440
-4.723217 78.031240 -5.143816 77.966510
-4.480357 79.179260 -4.899399 79.133870
-4.041404 80.210760 -4.469296 80.178020
-3.408000 81.128150 -3.844792 81.088230
-2.644607 81.906520 -3.066775 81.893730
-1.708857 82.530990 -2.108792 82.549800
-0.650572 82.969470 -1.035404 83.009110
0.558759 83.243040 0.141795 83.293230
1.804540 83.416280 1.393165 83.481880
3.131034 83.509400 2.723917 83.593850
4.560886 83.546760 4.147001 83.653860
6.112681 83.569050 5.689772 83.693760
7.797007 83.585830 7.357972 83.747660
9.607126 83.620300 9.169135 83.822410
11.533430 83.681680 11.097390 83.916960
13.544570 83.768260 13.105070 84.060260
15.602470 83.893850 15.157450 84.232530
17.765360 84.045160 17.246770 84.422360
19.914920 84.189880 19.400730 84.607000
22.108510 84.337300 21.595310 84.786970
24.309330 84.486150 23.799020 84.979720
26.513800 84.633100 26.009440 85.166930
28.717260 84.789640 28.222800 85.365420
30.908460 84.948100 30.419910 85.560250
33.170130 85.092440 32.638030 85.735970
35.357330 85.217260 34.830620 85.897410
37.545950 85.330770 37.037480 86.060310
39.732860 85.446240 39.230110 86.221770
41.924180 85.567310 41.424050 86.387370
44.114260 85.691310 43.618350 86.557540
46.307640 85.805530 45.822330 86.713440
48.576600 85.920510 48.014510 86.869070
50.781700 86.033460 50.232570 87.024750
52.988400 86.146220 52.444760 87.181430
55.187040 86.251390 54.642420 87.334490
57.367680 86.346750 56.835960 87.480950
59.522960 86.445410 59.004040 87.626570
61.720920 86.551000 61.141370 87.769890
63.823980 86.654050 63.247250 87.920700
65.901820 86.755000 65.333800 88.065570
67.954140 86.859110 67.391970 88.218740
69.979920 86.972660 69.419010 88.381650
71.967910 87.102320 71.407720 88.553560
73.845210 87.240270 73.282550 88.735110
75.596480 87.390280 75.043590 88.927820
77.286810 87.556780 76.698760 89.118260
78.788860 87.719700 78.208690 89.317070
80.137130 87.843180 79.580480 89.479730
81.325800 87.832840 80.788290 89.491210
82.445930 87.610400 81.906860 89.307530
83.387270 87.168750 82.902990 88.906030
84.170890 86.549040 83.730470 88.313830
84.791700 85.816570 84.401360 87.591670
85.242890 84.921720 84.864480 86.728090
85.589580 83.957730 85.226220 85.749300
85.843150 82.901450 85.482660 84.689300
86.016910 81.762240 85.658470 83.545150
86.129020 80.505990 85.776860 82.295090
86.223750 79.120350 85.875880 80.910640
86.303210 77.596640 85.972890 79.396310
86.392950 75.948320 86.077840 77.763440
86.487060 74.245940 86.193420 76.049410
86.587980 72.492850 86.319240 74.356350
86.695380 70.805690 86.449690 72.664140
86.817000 69.133280 86.589490 70.989960
86.951550 67.474080 86.740600 69.316020
87.087960 65.841900 86.898960 67.668270
87.207510 64.251830 87.036200 66.079020
87.307690 62.771280 87.149130 64.588530
87.315230 61.442350 87.168730 63.251370
87.164360 60.242690 87.038780 62.068950
86.821690 59.191170 86.705810 60.993230
86.304140 58.268230 86.194800 60.050700
85.657120 57.485260 85.538760 59.248310
84.853600 56.798560 84.745480 58.564740
83.906620 56.264180 83.785210 58.002980
82.831460 55.875730 82.705110 57.601000
81.665190 55.590070 81.529170 57.296990
80.385030 55.413260 80.247350 57.110870
78.981610 55.321750 78.855100 56.998210
77.446660 55.262120 77.326050 56.921230
75.776940 55.220930 75.663640 56.870340
73.971850 55.172350 73.861040 56.797780
71.961260 55.108170 71.909720 56.699750
69.872550 55.022880 69.827660 56.577190
67.664220 54.914160 67.607640 56.433890
65.376170 54.795180 65.298160 56.271490
63.037170 54.667130 62.953710 56.099360
60.632520 54.533830 60.534120 55.922110
58.165550 54.403410 58.032320 55.746330
55.651100 54.280040 55.522520 55.582060
53.020050 54.150380 52.959760 55.405270
50.455510 54.021730 50.361450 55.213750
47.901510 53.884400 47.788800 55.015450
45.363700 53.741520 45.237240 54.815460
42.852090 53.600810 42.723450 54.612650
40.368240 53.468280 40.231690 54.421800
37.918620 53.340720 37.767160 54.234310
35.493670 53.214270 35.349640 54.047640
33.021960 53.086100 32.970230 53.857940
30.660380 52.956400 30.612380 53.665480
28.328410 52.809700 28.285440 53.450950
26.020620 52.669390 25.977660 53.251150
23.744420 52.553310 23.693860 53.068920
21.493960 52.449890 21.448880 52.906810
19.268470 52.355980 19.229240 52.745450
17.072120 52.275160 17.029210 52.594970
14.828830 52.194260 14.864530 52.455700
12.706740 52.118600 12.749680 52.318460
10.706210 52.063120 10.758920 52.206710
8.857416 52.031640 8.900918 52.123340
7.164518 52.013490 7.213045 52.071340
5.603404 52.001220 5.661558 52.022400
4.184834 51.991340 4.250443 51.979770
2.929793 51.938620 3.016690 51.891350
1.836004 51.794920 1.975890 51.718700
0.917358 51.538180 1.075205 51.439250
0.097282 51.135480 0.284936 51.024030
-0.592706 50.618010 -0.381435 50.511810
-1.159997 49.988220 -0.932363 49.886290
-1.665047 49.249370 -1.416927 49.136950
-2.019108 48.355160 -1.752053 48.247900
-2.238768 47.342790 -1.936923 47.256130
-2.333542 46.196210 -1.994979 46.123950
-2.353674 44.870270 -1.985074 44.856810
-2.329619 43.443440 -1.932861 43.434650
-2.283682 41.889670 -1.852936 41.881060
-2.232124 40.209320 -1.767777 40.195570
-2.193082 38.340070 -1.676706 38.377070
-2.143652 36.424470 -1.580201 36.447340
-2.071868 34.502920 -1.458333 34.520750
-1.976419 32.593900 -1.308221 32.618160
-1.859661 30.695740 -1.125362 30.727580
-1.746026 28.850510 -0.954137 28.881440
-1.624833 27.083670 -0.778655 27.120380
-1.504062 25.337550 -0.604900 25.431380
-1.397649 23.710150 -0.444978 23.810310
-1.297713 22.157530 -0.289797 22.263630
-1.214746 20.701520 -0.155633 20.811560
-1.125650 19.389050 -0.021241 19.504520
-1.052817 18.188430 0.086733 18.308000
-0.981829 17.038480 0.188249 17.157940
-0.908663 15.909230 0.295552 16.031480
-0.832787 14.762420 0.400807 14.916890
-0.759326 13.633070 0.503314 13.776420
-0.688322 12.465270 0.609604 12.597960
-0.613649 11.233830 0.715880 11.360610
-0.532744 9.956577 0.829414 10.074640
-0.457694 8.647149 0.939226 8.754809
-0.374867 7.283247 1.058566 7.382417
-0.300239 5.869772 1.176800 5.959493
-0.231732 4.393968 1.285514 4.529933
-0.166277 2.979474 1.394183 3.103688
-0.118104 1.588129 1.483591 1.705584
-0.064780 0.231973 1.575579 0.351725
-0.040730 -1.091873 1.647778 -0.973735
-0.020374 -2.376126 1.714458 -2.266852
