1 0 0 0 0 1 0 0 0 0 1 0 
0.999999 -0.000686322 0.00101625 0.00165498 0.000685834 1 0.00048115 -0.0118272 -0.00101658 -0.000480452 0.999999 0.437129 
0.999996 0.00142584 0.0022401 -0.00640099 -0.00142232 0.999998 -0.00157496 -0.0197727 -0.00224234 0.00157176 0.999996 0.870721 
0.999995 0.00267644 0.00139999 -0.00555614 -0.00267212 0.999992 -0.00307503 -0.0292657 -0.00140821 0.00307128 0.999994 1.30348 
0.999998 0.00173969 -0.00123515 -0.000550437 -0.00174464 0.99999 -0.00401281 -0.032932 0.00122815 0.00401496 0.999991 1.73247 
0.999989 -0.00172399 -0.00446539 -0.000917149 0.00170457 0.999989 -0.00434891 -0.0425093 0.00447284 0.00434125 0.999981 2.16096 
0.999947 -0.00556885 -0.00870945 -0.00170679 0.0055435 0.99998 -0.00293209 -0.051243 0.0087256 0.00288365 0.999958 2.5856 
0.999885 -0.00713415 -0.0133639 -0.00721275 0.00710507 0.999972 -0.00222181 -0.0563805 0.0133793 0.00212661 0.999908 3.01175 
0.999847 -0.00538846 -0.0166148 -0.0273643 0.00536 0.999984 -0.00175689 -0.0643029 0.016624 0.00166757 0.99986 3.42844 
0.999776 -0.00466493 -0.0206459 -0.0434976 0.00463292 0.999988 -0.0015983 -0.0720639 0.0206531 0.00150229 0.999786 3.84154 
0.999669 -0.00468509 -0.025302 -0.0555157 0.00463884 0.999987 -0.00188642 -0.0817126 0.0253105 0.00176842 0.999678 4.24864 
0.99956 -0.0042578 -0.029348 -0.0708235 0.00421782 0.99999 -0.00142409 -0.0884565 0.0293538 0.00129968 0.999568 4.64999 
0.999412 -0.00546854 -0.0338595 -0.0845719 0.00542403 0.999984 -0.00140639 -0.0957893 0.0338667 0.0012219 0.999426 5.04638 
0.999248 -0.00552377 -0.0383912 -0.106425 0.00541085 0.999981 -0.00304462 -0.0976155 0.0384073 0.0028346 0.999258 5.43159 
0.999057 -0.00668544 -0.0429081 -0.125262 0.00654395 0.999973 -0.00343715 -0.103594 0.0429299 0.00315312 0.999073 5.81543 
0.998897 -0.00639793 -0.0465135 -0.148341 0.00628786 0.999977 -0.00251227 -0.114914 0.0465285 0.00221703 0.998915 6.18523 
0.998735 -0.00519918 -0.050012 -0.172372 0.00512337 0.999986 -0.00164383 -0.122863 0.0500198 0.00138552 0.998747 6.54405 
0.998563 -0.0045615 -0.053397 -0.194425 0.00450414 0.999989 -0.00119454 -0.128543 0.0534019 0.000952312 0.998573 6.89037 
0.998449 -0.00433274 -0.055501 -0.219417 0.00425997 0.99999 -0.0014294 -0.133987 0.0555066 0.00119075 0.998458 7.22315 
0.998345 -0.00335585 -0.0574194 -0.242314 0.0032618 0.999993 -0.00173164 -0.140376 0.0574248 0.00154148 0.998349 7.54271 
0.998259 -0.00234627 -0.0589352 -0.264499 0.00219624 0.999994 -0.00261034 -0.14485 0.058941 0.00247636 0.998258 7.84999 
0.998168 -0.00225446 -0.0604559 -0.28493 0.00206294 0.999993 -0.00323018 -0.152422 0.0604627 0.00309955 0.998166 8.14434 
0.99807 -0.0021123 -0.0620694 -0.306543 0.0018387 0.999988 -0.00446477 -0.154559 0.0620781 0.00434202 0.998062 8.42298 
0.99797 -0.00198155 -0.0636513 -0.32834 0.00160767 0.999981 -0.00592466 -0.162494 0.0636619 0.0058103 0.997955 8.69686 
0.997928 -0.00118318 -0.0643339 -0.350674 0.000706809 0.999972 -0.00742688 -0.168214 0.0643409 0.00736601 0.997901 8.96257 
0.997887 -0.00106731 -0.0649701 -0.369011 0.000515168 0.999964 -0.00851462 -0.17329 0.0649768 0.00846315 0.997851 9.22218 
0.997844 -0.0021821 -0.0655919 -0.38525 0.00156571 0.999954 -0.00944727 -0.180495 0.0656095 0.00932421 0.997802 9.47738 
0.997758 -0.00411278 -0.0668058 -0.397822 0.00341344 0.999938 -0.010579 -0.188732 0.0668451 0.0103273 0.99771 9.72587 
0.997706 -0.00369897 -0.0675988 -0.417585 0.0028884 0.999923 -0.0120847 -0.196915 0.0676383 0.0118617 0.997639 9.97578 
0.99765 -0.00214392 -0.0684862 -0.440053 0.00128132 0.999919 -0.0126367 -0.202147 0.0685077 0.0125193 0.997572 10.2242 
0.997589 0.000238941 -0.0693929 -0.462983 -0.0009991 0.99994 -0.0109199 -0.204586 0.0693861 0.0109629 0.99753 10.4721 
0.997568 -3.02493e-05 -0.0697056 -0.483999 -0.000487754 0.999972 -0.00741427 -0.208918 0.0697039 0.00743024 0.99754 10.7207 
0.997577 -0.00102086 -0.0695567 -0.505002 0.000625085 0.999983 -0.0057115 -0.21292 0.0695614 0.00565419 0.997562 10.9671 
0.997596 -0.00186831 -0.0692692 -0.523675 0.00136001 0.999972 -0.00738438 -0.222038 0.0692811 0.00727243 0.997571 11.2032 
0.997591 -0.00198993 -0.0693384 -0.54125 0.00128677 0.999947 -0.0101841 -0.231128 0.069355 0.0100704 0.997541 11.4402 
0.99761 -0.0012189 -0.0690858 -0.560351 0.000421079 0.999933 -0.0115616 -0.23787 0.0690952 0.0115049 0.997544 11.6749 
0.997617 3.65284e-05 -0.0689997 -0.5798 -0.000872723 0.999927 -0.0120887 -0.244294 0.0689942 0.0121201 0.997543 11.9041 
0.997627 -0.00025585 -0.0688465 -0.593576 -0.000610434 0.999921 -0.0125615 -0.249532 0.0688442 0.0125737 0.997548 12.1366 
0.997636 -0.00285502 -0.0686607 -0.606018 0.00202555 0.999924 -0.0121473 -0.257721 0.0686901 0.0119795 0.997566 12.3737 
0.997692 -0.00420174 -0.0677752 -0.62439 0.00345897 0.999933 -0.0110729 -0.263251 0.0678171 0.0108129 0.997639 12.6132 
0.997771 -0.00245451 -0.0666851 -0.645053 0.0015323 0.999903 -0.013877 -0.271426 0.0667127 0.0137438 0.997678 12.8562 
0.997834 6.26202e-05 -0.0657846 -0.668881 -0.00150908 0.999758 -0.0219384 -0.272655 0.0657673 0.0219901 0.997593 13.1103 
0.997889 -0.000690738 -0.064938 -0.686224 -0.00121767 0.999569 -0.029344 -0.275709 0.0649303 0.0293611 0.997458 13.3837 
0.997971 -0.00389274 -0.0635433 -0.702678 0.00185098 0.999481 -0.0321591 -0.282055 0.0636355 0.0319762 0.997461 13.6755 
0.998062 -0.00614804 -0.0619287 -0.720373 0.00437184 0.999576 -0.0287761 -0.294534 0.0620794 0.0284496 0.997666 13.9891 
0.998162 -0.0065671 -0.0602442 -0.737986 0.00501145 0.999651 -0.0259373 -0.310743 0.0603935 0.0255877 0.997847 14.3145 
0.998296 -0.00480624 -0.0581565 -0.75811 0.00340884 0.999704 -0.0241037 -0.319979 0.0582551 0.0238644 0.998016 14.6626 
0.998362 -0.00462282 -0.0570268 -0.772922 0.0033108 0.999728 -0.0230801 -0.331019 0.057118 0.0228535 0.998106 15.0145 
0.998446 -0.00634128 -0.0553705 -0.788914 0.00496895 0.999678 -0.0248872 -0.339407 0.0555104 0.0245734 0.998156 15.3803 
0.998548 -0.00805313 -0.0532702 -0.806933 0.00667633 0.99964 -0.0259731 -0.34931 0.0534603 0.0255797 0.998242 15.7546 
0.998632 -0.00796643 -0.0516792 -0.823413 0.00662936 0.99964 -0.0259926 -0.360878 0.0518676 0.0256144 0.998325 16.1481 
0.998671 -0.00886359 -0.0507712 -0.835266 0.00763553 0.999675 -0.0243313 -0.381046 0.0509704 0.0239113 0.998414 16.5575 
0.998743 -0.00816123 -0.049457 -0.852966 0.00708007 0.999733 -0.0219966 -0.393951 0.0496233 0.0216188 0.998534 16.971 
0.998768 -0.00883891 -0.0488282 -0.874619 0.00783569 0.999755 -0.0206993 -0.404331 0.0489992 0.0202912 0.998593 17.3816 
0.998769 -0.00787107 -0.048966 -0.89577 0.00687711 0.999768 -0.0204344 -0.414858 0.0491155 0.0200725 0.998591 17.8076 
0.998727 -0.00704516 -0.049957 -0.919608 0.0060529 0.999782 -0.0199858 -0.425196 0.0500869 0.019658 0.998551 18.2411 
0.998664 -0.00706311 -0.0511808 -0.947043 0.00612492 0.999811 -0.0184645 -0.438418 0.0513016 0.0181264 0.998519 18.6851 
0.998623 -0.00699389 -0.0519876 -0.976269 0.00611892 0.999837 -0.0169706 -0.452166 0.0520979 0.0166292 0.998504 19.1406 
0.998566 -0.00593974 -0.0532005 -1.00271 0.00508 0.999855 -0.016281 -0.469677 0.0532894 0.0159874 0.998451 19.6038 
0.998533 -0.00299186 -0.0540729 -1.03936 0.00204929 0.999845 -0.0174786 -0.482583 0.0541168 0.0173421 0.998384 20.0678 
0.998514 -0.000280644 -0.0544945 -1.07423 -0.000658169 0.999852 -0.017209 -0.494887 0.0544913 0.0172193 0.998366 20.5432 
0.998463 0.000564054 -0.0554267 -1.1015 -0.00133934 0.999902 -0.0139514 -0.504999 0.0554133 0.0140042 0.998365 21.0236 
0.998418 -0.00109941 -0.0562162 -1.12543 0.000581557 0.999957 -0.00922731 -0.515175 0.0562239 0.00918002 0.998376 21.5128 
0.998355 -0.00154479 -0.057318 -1.15166 0.00124981 0.999986 -0.00518189 -0.523734 0.0573252 0.00510173 0.998343 21.9964 
0.998331 0.000187181 -0.0577427 -1.18506 -0.000376307 0.999995 -0.00326446 -0.53781 0.0577418 0.00328074 0.998326 22.4813 
0.998294 0.00445969 -0.0582119 -1.22547 -0.00458132 0.999988 -0.00195619 -0.551214 0.0582024 0.00221954 0.998302 22.971 
0.998249 0.00588414 -0.0588622 -1.26253 -0.00603156 0.999979 -0.00232724 -0.563211 0.0588472 0.00267819 0.998263 23.4624 
0.998192 0.00488734 -0.0599075 -1.29441 -0.00512215 0.99998 -0.00376664 -0.569992 0.0598879 0.00406668 0.998197 23.9547 
0.998148 0.00121137 -0.0608163 -1.32257 -0.0015832 0.99998 -0.00606608 -0.576572 0.0608078 0.00615114 0.998131 24.4494 
0.998107 -0.00011974 -0.0615011 -1.35251 -0.000272783 0.99998 -0.00637394 -0.588371 0.0615006 0.00637865 0.998087 24.9525 
0.998118 0.00217673 -0.0612902 -1.38922 -0.00252745 0.999981 -0.00564542 -0.600934 0.0612768 0.0057897 0.998104 25.4591 
0.998165 0.00346162 -0.0604579 -1.4268 -0.00376145 0.999981 -0.00484632 -0.61275 0.06044 0.00506484 0.998159 25.9662 
0.998208 0.00435693 -0.0596784 -1.46202 -0.00465458 0.999977 -0.00484943 -0.621164 0.0596559 0.00511851 0.998206 26.479 
0.998288 0.00323899 -0.0583993 -1.49483 -0.00353193 0.999982 -0.00491362 -0.628425 0.0583823 0.00511147 0.998281 27.007 
0.998363 0.00158939 -0.0571672 -1.52831 -0.00188395 0.999985 -0.00509898 -0.640496 0.0571582 0.00519833 0.998352 27.525 
0.998424 0.000993048 -0.0561132 -1.55747 -0.00128812 0.999986 -0.00522252 -0.646925 0.0561072 0.00528656 0.998411 28.0478 
0.998473 0.000280523 -0.0552372 -1.58462 -0.000594083 0.999984 -0.00566027 -0.653549 0.0552347 0.00568444 0.998457 28.5786 
0.998533 -0.000797066 -0.0541453 -1.61132 0.000494088 0.999984 -0.00560881 -0.665112 0.0541489 0.00557382 0.998517 29.1144 
0.998594 -0.000413918 -0.0530143 -1.6443 0.000106111 0.999983 -0.0058088 -0.672617 0.0530158 0.005795 0.998577 29.6484 
0.998635 -0.000568776 -0.0522283 -1.67369 0.000244665 0.999981 -0.00621185 -0.681626 0.0522308 0.00619059 0.998616 30.186 
0.998663 -0.000567674 -0.0516901 -1.69862 0.000221148 0.999977 -0.0067094 -0.688416 0.0516927 0.006689 0.998641 30.7333 
0.998686 -0.00149969 -0.0512247 -1.72621 0.00115791 0.999977 -0.00670108 -0.699199 0.0512336 0.00663296 0.998665 31.2778 
0.998707 -0.00187956 -0.0508018 -1.75554 0.00153189 0.999975 -0.00688172 -0.711559 0.0508134 0.006795 0.998685 31.8255 
0.998746 -0.0019201 -0.0500354 -1.78883 0.00156893 0.999974 -0.00705685 -0.726024 0.0500476 0.0069695 0.998723 32.3846 
0.998737 -0.00239021 -0.05018 -1.81653 0.00199476 0.999967 -0.0079291 -0.736578 0.0501973 0.00781899 0.998709 32.9441 
0.998736 -0.00252364 -0.0501962 -1.84593 0.00210503 0.999963 -0.00839061 -0.747617 0.0502155 0.00827435 0.998704 33.516 
0.998746 -0.00297066 -0.0499734 -1.87701 0.00249594 0.999951 -0.00955904 -0.755953 0.0499994 0.00942233 0.998705 34.0945 
0.998748 -0.0032436 -0.0499114 -1.91071 0.00276552 0.99995 -0.00964463 -0.773187 0.0499402 0.00949453 0.998707 34.6699 
0.998741 -0.00351191 -0.0500319 -1.9442 0.00303631 0.99995 -0.0095787 -0.787816 0.050063 0.00941474 0.998702 35.2511 
0.998757 -0.0030695 -0.0497558 -1.98419 0.00260435 0.999952 -0.00941089 -0.803055 0.0497823 0.00926961 0.998717 35.8405 
0.998739 -0.00284943 -0.0501168 -2.01549 0.00238063 0.999953 -0.00941148 -0.817218 0.0501413 0.00928031 0.998699 36.4374 
0.998742 -0.00305646 -0.05005 -2.05302 0.00260732 0.999956 -0.0090367 -0.829187 0.0500754 0.00889483 0.998706 37.0354 
0.998725 -0.00308208 -0.0503945 -2.08687 0.00267874 0.999964 -0.00806918 -0.840797 0.0504176 0.00792389 0.998697 37.6366 
0.998713 -0.00262171 -0.0506487 -2.1243 0.00224573 0.99997 -0.0074788 -0.850737 0.0506668 0.00735543 0.998689 38.2323 
0.998693 -0.002315 -0.0510543 -2.1602 0.00195313 0.999973 -0.00713674 -0.864556 0.0510695 0.0070277 0.99867 38.8397 
0.998621 -0.00272209 -0.0524193 -2.19109 0.00238881 0.999977 -0.00641942 -0.877526 0.0524355 0.00628535 0.998605 39.4514 
0.998545 -0.00334199 -0.0538282 -2.22363 0.00300141 0.999975 -0.00640678 -0.886757 0.0538483 0.0062359 0.99853 40.0563 
0.998472 -0.00390447 -0.0551275 -2.25814 0.00353006 0.99997 -0.00688756 -0.90052 0.0551528 0.00668243 0.998456 40.6615 
0.998393 -0.00487892 -0.0564548 -2.28987 0.00450643 0.999967 -0.00672355 -0.918845 0.0564857 0.00645833 0.998383 41.2745 
0.99833 -0.00399858 -0.057634 -2.32916 0.00360128 0.999969 -0.00699573 -0.932678 0.0576602 0.00677649 0.998313 41.8865 
0.998258 -0.00373603 -0.0588846 -2.36487 0.00326952 0.999963 -0.00801685 -0.941646 0.0589124 0.00781036 0.998233 42.5016 
0.998177 -0.00340639 -0.0602614 -2.4003 0.00294195 0.999965 -0.00779416 -0.957013 0.0602858 0.00760266 0.998152 43.1122 
0.99812 -0.0047161 -0.0611102 -2.44135 0.00426631 0.999963 -0.0074887 -0.966218 0.0611433 0.00721391 0.998103 43.7328 
0.998041 -0.00480277 -0.0623753 -2.48045 0.00437144 0.999966 -0.00704983 -0.979144 0.062407 0.00676335 0.998028 44.3352 
0.997955 -0.00390684 -0.063794 -2.51706 0.00347206 0.99997 -0.0069248 -0.995914 0.0638191 0.00668915 0.997939 44.9525 
0.997845 -0.00319182 -0.0655376 -2.55202 0.00264196 0.999961 -0.00847498 -1.01154 0.065562 0.00828357 0.997814 45.5699 
0.997772 -0.0038712 -0.066606 -2.59642 0.0031384 0.999933 -0.0111031 -1.03231 0.0666445 0.0108693 0.997718 46.1811 
0.997662 -0.0075455 -0.067924 -2.63423 0.00660676 0.99988 -0.0140346 -1.05029 0.0680217 0.013553 0.997592 46.7986 
0.997592 -0.0094963 -0.0687083 -2.67744 0.00842535 0.999839 -0.0158599 -1.06537 0.0688478 0.0152428 0.997511 47.4107 
0.997483 -0.0091415 -0.070309 -2.71362 0.0079473 0.99982 -0.0172461 -1.08072 0.070454 0.0166439 0.997376 48.0297 
0.997419 -0.00606512 -0.0715489 -2.76169 0.00494706 0.999863 -0.0157934 -1.09441 0.0716349 0.0153987 0.997312 48.6456 
0.997328 -0.00570143 -0.072835 -2.80551 0.00491554 0.999928 -0.0109646 -1.10821 0.0728923 0.0105773 0.997284 49.264 
0.997252 -0.00654618 -0.0737928 -2.85018 0.00618977 0.999968 -0.00505741 -1.11692 0.0738236 0.00458676 0.997261 49.8838 
0.997224 -0.00698248 -0.0741261 -2.89657 0.0071855 0.999971 0.00247242 -1.12794 0.0741067 -0.00299819 0.997246 50.5031 
0.997306 -0.00471321 -0.0732061 -2.95534 0.00538393 0.999945 0.00896748 -1.13652 0.0731598 -0.00933745 0.997277 51.1177 
0.997373 -0.00460086 -0.0722884 -3.00131 0.00549767 0.99991 0.0122119 -1.14529 0.0722257 -0.0125772 0.997309 51.7401 
0.997481 -0.00342447 -0.0708523 -3.04893 0.00429469 0.999917 0.0121334 -1.15102 0.0708049 -0.0124072 0.997413 52.3481 
0.997634 -0.00252089 -0.0686994 -3.09587 0.00313114 0.999957 0.00877656 -1.15276 0.0686743 -0.0089709 0.997599 52.954 
0.997766 -0.00211983 -0.0667701 -3.14185 0.00245588 0.999985 0.00495139 -1.15631 0.0667585 -0.00510431 0.997756 53.5639 
0.997834 -0.00374531 -0.0656715 -3.18143 0.00384761 0.999992 0.0014314 -1.15888 0.0656656 -0.00168098 0.99784 54.1762 
0.997887 -0.00624165 -0.0646695 -3.21598 0.00614728 0.99998 -0.00165804 -1.1615 0.0646785 0.001257 0.997905 54.7852 
0.997991 -0.00646842 -0.0630202 -3.25838 0.00630192 0.999976 -0.00284049 -1.17004 0.0630371 0.00243763 0.998008 55.3944 
0.998088 -0.00316183 -0.0617249 -3.30942 0.00300015 0.999992 -0.00271187 -1.17565 0.0617329 0.0025215 0.99809 56.0036 
0.998117 -0.00162568 -0.0613233 -3.34872 0.00145613 0.999995 -0.00280943 -1.18617 0.0613276 0.00271484 0.998114 56.6132 
0.99813 -0.00093496 -0.0611148 -3.38795 0.000758527 0.999995 -0.00291005 -1.20213 0.0611173 0.00285825 0.998126 57.2221 
0.998124 -0.000956167 -0.061212 -3.43169 0.00079981 0.999996 -0.0025788 -1.21071 0.0612142 0.00252501 0.998121 57.8309 
0.998092 -0.000285835 -0.0617497 -3.47435 7.35925e-05 0.999994 -0.00343939 -1.21927 0.0617503 0.00342828 0.998086 58.4391 
0.998052 0.000868372 -0.0623771 -3.51349 -0.00114967 0.999989 -0.00447391 -1.22959 0.0623726 0.00453691 0.998043 59.0493 
0.998007 0.00256215 -0.0630552 -3.55504 -0.0028359 0.999987 -0.00425238 -1.23811 0.0630435 0.00442273 0.998001 59.6556 
0.997996 0.00366399 -0.063178 -3.60191 -0.00393551 0.999984 -0.00417372 -1.24837 0.0631617 0.00441399 0.997994 60.2613 
0.997985 0.00376243 -0.0633427 -3.64422 -0.00398206 0.999986 -0.00334135 -1.25976 0.0633293 0.00358685 0.997986 60.8645 
0.997941 0.00430789 -0.0639979 -3.68492 -0.00449478 0.999986 -0.00277667 -1.27421 0.063985 0.00305861 0.997946 61.4634 
0.997907 0.00405138 -0.0645334 -3.7225 -0.00423682 0.999987 -0.00273682 -1.28292 0.0645215 0.00300451 0.997912 62.0582 
0.99786 0.00454136 -0.0652212 -3.76002 -0.00472206 0.999985 -0.00261662 -1.29273 0.0652084 0.002919 0.997867 62.661 
0.997831 0.00474593 -0.0656602 -3.80331 -0.00489108 0.999986 -0.00205002 -1.30555 0.0656495 0.00236673 0.99784 63.2527 
0.997808 0.00521863 -0.0659727 -3.84947 -0.00536903 0.999983 -0.00210261 -1.31889 0.0659607 0.00245221 0.997819 63.8429 
0.99777 0.00532818 -0.0665306 -3.89153 -0.00548033 0.999983 -0.00210466 -1.3315 0.0665182 0.00246458 0.997782 64.4282 
0.997699 0.00563662 -0.0675609 -3.93498 -0.00577359 0.999982 -0.0018323 -1.33998 0.0675493 0.00221815 0.997713 65.0125 
0.997592 0.00609629 -0.0690823 -3.97739 -0.00622205 0.999979 -0.0016054 -1.34934 0.0690711 0.00203137 0.99761 65.5975 
0.997511 0.00622314 -0.0702399 -4.02442 -0.00636023 0.999978 -0.00172836 -1.35184 0.0702277 0.0021708 0.997529 66.1789 
0.997359 0.00736221 -0.0722523 -4.06916 -0.00744027 0.999972 -0.000811306 -1.36258 0.0722443 0.00134674 0.997386 66.7608 
0.9972 0.00799072 -0.0743573 -4.11506 -0.0080502 0.999967 -0.000500283 -1.36879 0.0743509 0.00109747 0.997232 67.3332 
0.997009 0.00814458 -0.0768582 -4.16193 -0.00819075 0.999966 -0.000285521 -1.3775 0.0768533 0.000914193 0.997042 67.9059 
0.996775 0.00872593 -0.07977 -4.20763 -0.00873114 0.999962 0.000283407 -1.38658 0.0797694 0.00041399 0.996813 68.4798 
0.996528 0.0102248 -0.0826255 -4.26117 -0.0102466 0.999947 0.00015975 -1.39754 0.0826228 0.000687439 0.996581 69.0495 
0.996288 0.0104588 -0.0854507 -4.32213 -0.010545 0.999944 -0.00055744 -1.40529 0.0854401 0.00145645 0.996342 69.6144 
0.99597 0.0105599 -0.0890654 -4.38082 -0.0107337 0.999941 -0.00147281 -1.41518 0.0890446 0.00242288 0.996025 70.1813 
0.995683 0.00968624 -0.092307 -4.43684 -0.00992242 0.999949 -0.0021 -1.42478 0.0922819 0.00300684 0.995728 70.7441 
0.995361 0.00953789 -0.0957393 -4.49658 -0.00993623 0.999944 -0.00368479 -1.43429 0.0956988 0.00461898 0.9954 71.2972 
0.994996 0.00942915 -0.0994643 -4.55339 -0.00998899 0.999937 -0.00513206 -1.43898 0.0994096 0.00609993 0.995028 71.8427 
0.99465 0.00952305 -0.102862 -4.61847 -0.0101411 0.999934 -0.00548672 -1.44986 0.102803 0.0065005 0.994681 72.3871 
0.994322 0.00927001 -0.10601 -4.67836 -0.00996047 0.999932 -0.00598549 -1.46076 0.105947 0.00700741 0.994347 72.927 
0.994068 0.00867218 -0.108411 -4.73807 -0.00933983 0.99994 -0.00565227 -1.47265 0.108356 0.00663128 0.99409 73.4607 
0.993973 0.00945702 -0.109217 -4.79961 -0.0100269 0.999939 -0.00466958 -1.4885 0.109166 0.00573654 0.994007 73.9773 
0.994088 0.01071 -0.10805 -4.86101 -0.0112278 0.999928 -0.00418498 -1.49596 0.107998 0.0053734 0.994137 74.4779 
0.994353 0.0128235 -0.105347 -4.91432 -0.0132768 0.999905 -0.00360243 -1.50864 0.10529 0.00498075 0.994429 74.9578 
0.994871 0.0140819 -0.100164 -4.96162 -0.0144653 0.999891 -0.00310268 -1.5201 0.100109 0.00453566 0.994966 75.4255 
0.995665 0.0155181 -0.0917064 -5.00062 -0.0158796 0.999869 -0.00321376 -1.52929 0.0916445 0.00465609 0.995781 75.8738 
0.996799 0.018549 -0.077765 -5.03308 -0.0188708 0.999816 -0.00340436 -1.53565 0.0776876 0.00486095 0.996966 76.3152 
0.998087 0.021602 -0.0579338 -5.05217 -0.0218028 0.999758 -0.00283706 -1.54322 0.0578585 0.00409476 0.998316 76.7499 
0.999197 0.0229991 -0.0328219 -5.04948 -0.0231037 0.999729 -0.00281081 -1.55091 0.0327484 0.00356685 0.999457 77.1741 
0.999737 0.0228216 -0.00204495 -5.0326 -0.022828 0.999734 -0.00316903 -1.55959 0.00197208 0.00321488 0.999993 77.5847 
0.999178 0.0212939 0.0344823 -4.99569 -0.0211696 0.999768 -0.0039664 -1.56991 -0.0345587 0.00323316 0.999397 77.9932 
0.996928 0.0192753 0.0759152 -4.93568 -0.0189839 0.999809 -0.00455724 -1.58104 -0.0759886 0.00310207 0.997104 78.3927 
0.992382 0.0168892 0.122034 -4.85437 -0.0163653 0.999852 -0.00529383 -1.59481 -0.122106 0.00325637 0.992512 78.7828 
0.98504 0.014214 0.171741 -4.74938 -0.0133222 0.999891 -0.0063444 -1.60166 -0.171812 0.00396151 0.985122 79.1596 
0.974432 0.00990231 0.224463 -4.62553 -0.00863568 0.999941 -0.00662401 -1.61497 -0.224515 0.00451626 0.97446 79.5251 
0.960172 0.00616052 0.27934 -4.47368 -0.00450419 0.999968 -0.00657093 -1.62753 -0.279372 0.00505103 0.96017 79.8734 
0.941622 0.00148765 0.33667 -4.30839 0.000105714 0.999989 -0.00471435 -1.63691 -0.336673 0.00447473 0.941611 80.2062 
0.919173 -0.00175777 0.39385 -4.11985 0.00314504 0.999991 -0.00287694 -1.64508 -0.393841 0.00388308 0.91917 80.5239 
0.892581 -0.00786379 0.450818 -3.90577 0.00898742 0.99996 -0.000351631 -1.65277 -0.450797 0.00436555 0.892616 80.829 
0.862777 -0.0113105 0.505458 -3.67727 0.0123941 0.999922 0.00121923 -1.65491 -0.505432 0.00521278 0.86285 81.1237 
0.828865 -0.0108068 0.559344 -3.43783 0.0127095 0.999919 0.000485301 -1.65841 -0.559304 0.00670673 0.828936 81.3967 
0.790594 -0.00783421 0.61229 -3.18112 0.0099147 0.999951 -7.64197e-06 -1.66016 -0.61226 0.00607671 0.790633 81.6648 
0.748291 -0.00461362 0.663354 -2.90008 0.00513386 0.999986 0.00116368 -1.66214 -0.663351 0.0025348 0.748305 81.9262 
0.701689 -0.00400503 0.712472 -2.60067 0.00259898 0.999992 0.00306163 -1.66521 -0.712479 -0.000296612 0.701693 82.1678 
0.650932 -0.00573967 0.759115 -2.28415 0.00375595 0.999984 0.0043402 -1.66933 -0.759127 2.60216e-05 0.650942 82.384 
0.597088 -0.00731675 0.802143 -1.94604 0.0044195 0.999973 0.00583154 -1.67725 -0.802164 6.31332e-05 0.597104 82.5762 
0.539207 -0.00530486 0.842157 -1.59712 8.36858e-05 0.99998 0.00624543 -1.67977 -0.842174 -0.0032971 0.539197 82.755 
0.480147 -0.00474505 0.877175 -1.2352 -0.00128734 0.99998 0.00611402 -1.68469 -0.877187 -0.00406485 0.480131 82.9113 
0.423921 -0.00525848 0.905684 -0.868623 -0.00014259 0.999983 0.00587273 -1.68635 -0.905699 -0.00261872 0.423913 83.0334 
0.371374 -0.00624985 0.928462 -0.480822 0.00430258 0.999978 0.00501027 -1.68789 -0.928473 0.0021341 0.371393 83.1394 
0.322728 -0.00652818 0.946469 -0.0901551 0.00782969 0.99996 0.00422736 -1.68891 -0.94646 0.00604627 0.322766 83.2306 
0.278774 -0.00616079 0.960337 0.313021 0.00940917 0.999949 0.00368354 -1.68951 -0.960311 0.0080091 0.278817 83.3143 
0.238617 -0.00552951 0.971098 0.716581 0.00928604 0.999951 0.00341205 -1.68855 -0.971069 0.00820349 0.238656 83.3922 
0.202766 -0.00521535 0.979213 1.13662 0.0101011 0.999944 0.00323411 -1.69201 -0.979175 0.00923541 0.202808 83.4508 
0.171333 -0.00438755 0.985203 1.56071 0.0119722 0.999926 0.00237107 -1.69132 -0.98514 0.0113888 0.171373 83.4994 
0.143619 -0.00327542 0.989628 1.99477 0.0133935 0.999909 0.00136572 -1.69002 -0.989542 0.0130585 0.14365 83.5426 
0.119031 -0.0020703 0.992888 2.43905 0.0136926 0.999906 0.000443402 -1.68915 -0.992796 0.0135425 0.119049 83.58 
0.097222 -0.00151955 0.995262 2.88284 0.0143224 0.999897 0.00012754 -1.68969 -0.99516 0.0142422 0.0972338 83.6146 
0.078623 -0.000475119 0.996904 3.34397 0.0167859 0.999859 -0.000847332 -1.69079 -0.996763 0.0168006 0.0786199 83.6338 
0.0627267 0.00100282 0.99803 3.81788 0.0190706 0.999816 -0.00220321 -1.69668 -0.997849 0.0191712 0.0626961 83.6504 
0.0494164 0.00229663 0.998776 4.30204 0.0204332 0.999786 -0.00330993 -1.70282 -0.998569 0.0205717 0.0493588 83.6659 
0.0397855 0.00333234 0.999203 4.80224 0.0213572 0.999763 -0.00418459 -1.70201 -0.99898 0.0215067 0.0397049 83.6771 
0.033251 0.00332358 0.999442 5.31574 0.0217571 0.999755 -0.00404847 -1.70709 -0.99921 0.0218795 0.0331705 83.6925 
0.0290349 0.00331544 0.999573 5.84356 0.0226047 0.999737 -0.00397259 -1.71408 -0.999323 0.0227104 0.0289523 83.7064 
0.0265475 0.00342754 0.999642 6.38544 0.0225414 0.999738 -0.0040265 -1.71921 -0.999393 0.0226402 0.0264632 83.7181 
0.0258395 0.00203647 0.999664 6.947 0.0219674 0.999755 -0.00260448 -1.72924 -0.999425 0.0220273 0.0257885 83.7326 
0.0272721 0.00127416 0.999627 7.51594 0.0214687 0.999768 -0.00186005 -1.7364 -0.999397 0.0215114 0.0272384 83.7547 
0.0301394 0.000326921 0.999546 8.10014 0.0211873 0.999775 -0.00096586 -1.74729 -0.999321 0.0212068 0.0301257 83.7726 
0.0330358 -0.000359103 0.999454 8.6956 0.0211001 0.999777 -0.000338219 -1.74926 -0.999231 0.0210997 0.033036 83.7942 
0.0365893 -0.000591663 0.99933 9.30833 0.0203445 0.999793 -0.000152954 -1.76112 -0.999123 0.0203365 0.0365938 83.822 
0.0407201 -0.000674101 0.99917 9.93453 0.0204563 0.999791 -0.000159153 -1.76521 -0.998961 0.0204458 0.0407253 83.8506 
0.044481 -0.00215021 0.999008 10.5826 0.0203095 0.999793 0.00124762 -1.76708 -0.998804 0.0202338 0.0445155 83.8873 
0.0488342 -0.00338997 0.998801 11.2414 0.0207346 0.999782 0.00237953 -1.77114 -0.998592 0.0205936 0.0488939 83.927 
0.0532826 -0.00464634 0.998569 11.8975 0.0215888 0.999761 0.00349993 -1.77916 -0.998346 0.0213714 0.0533702 83.9704 
0.0575417 -0.00604053 0.998325 12.568 0.022702 0.999731 0.00474053 -1.77923 -0.998085 0.0223912 0.0576634 84.0173 
0.0622421 -0.00715241 0.998035 13.2398 0.0238622 0.999699 0.00567617 -1.78404 -0.997776 0.023462 0.062394 84.0637 
0.0668088 -0.00853535 0.997729 13.9158 0.0242791 0.999681 0.0069263 -1.78805 -0.99747 0.0237613 0.0669947 84.1161 
0.071067 -0.00982778 0.997423 14.6018 0.0241666 0.999675 0.00812808 -1.79099 -0.997179 0.0235267 0.0712814 84.1753 
0.0755293 -0.00984837 0.997095 15.2892 0.0249102 0.999658 0.00798675 -1.79574 -0.996832 0.0242346 0.0757487 84.2344 
0.0785435 -0.00985278 0.996862 15.9766 0.0255618 0.999642 0.00786622 -1.79463 -0.996583 0.0248638 0.0787672 84.295 
0.0795511 -0.00966236 0.996784 16.6719 0.0242321 0.999676 0.00775649 -1.79613 -0.996536 0.0235371 0.0797595 84.357 
0.079654 -0.00889034 0.996783 17.3772 0.024173 0.999683 0.00698453 -1.7964 -0.996529 0.0235388 0.0798437 84.4127 
0.07922 -0.00850341 0.996821 18.0895 0.0247963 0.999671 0.0065571 -1.80022 -0.996549 0.024198 0.0794048 84.4727 
0.078649 -0.00761826 0.996873 18.8061 0.0264115 0.999636 0.00555562 -1.8027 -0.996552 0.025892 0.0788216 84.528 
0.0785656 -0.00740414 0.996881 19.5304 0.0276862 0.999603 0.00524237 -1.80712 -0.996524 0.027188 0.0787394 84.5824 
0.0780092 -0.00856794 0.996916 20.2557 0.0288614 0.999563 0.00633228 -1.8116 -0.996535 0.0282784 0.0782224 84.6401 
0.0778524 -0.0090002 0.996924 20.9856 0.0288316 0.999561 0.00677247 -1.81358 -0.996548 0.0282157 0.0780777 84.6954 
0.0772858 -0.00937638 0.996965 21.7205 0.0292866 0.999546 0.00713033 -1.8174 -0.996579 0.0286466 0.0775253 84.7544 
0.0767811 -0.00881066 0.997009 22.4531 0.0293125 0.999549 0.0065757 -1.81808 -0.996617 0.0287199 0.0770047 84.8148 
0.0770075 -0.00745377 0.997003 23.186 0.0294144 0.999554 0.0052009 -1.82398 -0.996597 0.0289257 0.0771924 84.8725 
0.0772425 -0.005518 0.996997 23.9181 0.0294788 0.99956 0.00324831 -1.82772 -0.996576 0.0291394 0.0773712 84.9345 
0.0775938 -0.00520716 0.996971 24.656 0.0315092 0.9995 0.00276802 -1.83709 -0.996487 0.031199 0.0777191 84.9908 
0.0782525 -0.00507397 0.996921 25.3886 0.0333113 0.999442 0.00247206 -1.84542 -0.996377 0.0330152 0.0783779 85.048 
0.0784005 -0.00646529 0.996901 26.125 0.0344105 0.999401 0.00377531 -1.85143 -0.996328 0.0340079 0.078576 85.109 
0.0789117 -0.00888997 0.996842 26.8653 0.0344943 0.999386 0.00618203 -1.86011 -0.996285 0.0338976 0.0791699 85.1692 
0.0793401 -0.0103384 0.996794 27.5958 0.0345809 0.999373 0.00761268 -1.87009 -0.996248 0.033866 0.0796479 85.2322 
0.0799316 -0.0109081 0.996741 28.332 0.035039 0.999353 0.00812683 -1.8807 -0.996184 0.0342752 0.0802621 85.29 
0.0800625 -0.00973136 0.996742 29.0682 0.0342677 0.999388 0.00700466 -1.88311 -0.996201 0.0335952 0.080347 85.3535 
0.0788012 -0.00856694 0.996854 29.8018 0.0331121 0.999434 0.0059716 -1.8863 -0.99634 0.0325374 0.0790403 85.4176 
0.0767961 -0.00818784 0.997013 30.5383 0.0309077 0.999505 0.0058276 -1.89291 -0.996568 0.0303679 0.0770111 85.4765 
0.0747339 -0.00825373 0.997169 31.284 0.0298237 0.999537 0.00603815 -1.90102 -0.996757 0.029288 0.0749455 85.5346 
0.0727281 -0.0082508 0.997318 32.015 0.0288429 0.999565 0.00616606 -1.90719 -0.996935 0.0283171 0.0729345 85.5922 
0.0708988 -0.00854137 0.997447 32.7545 0.0289049 0.999561 0.0065049 -1.91449 -0.997065 0.0283699 0.0711146 85.6464 
0.0689626 -0.00850395 0.997583 33.4949 0.0287271 0.999566 0.00653496 -1.9214 -0.997206 0.028207 0.069177 85.6991 
0.0675626 -0.00840643 0.99768 34.2298 0.0279963 0.999587 0.0065266 -1.92373 -0.997322 0.0274904 0.06777 85.7489 
0.0663404 -0.00898885 0.997757 34.9586 0.0278749 0.999586 0.00715194 -1.93113 -0.997408 0.0273379 0.0665635 85.8021 
0.0652984 -0.00978502 0.997818 35.6886 0.0288252 0.999553 0.00791568 -1.93644 -0.997449 0.0282454 0.0655513 85.8529 
0.0653407 -0.0101814 0.997811 36.4204 0.0297333 0.999524 0.00825184 -1.94128 -0.99742 0.029129 0.0656123 85.9026 
0.0655017 -0.0104676 0.997798 37.1465 0.0304253 0.999501 0.00848821 -1.94625 -0.997389 0.0298023 0.0657875 85.9521 
0.0658575 -0.00991935 0.99778 37.8823 0.0305302 0.999502 0.00792136 -1.94745 -0.997362 0.0299407 0.0661275 86.0047 
0.0660604 -0.00949338 0.99777 38.6167 0.0305904 0.999504 0.00748455 -1.94579 -0.997347 0.0300278 0.0663181 86.0582 
0.0662866 -0.00929842 0.997757 39.3467 0.0304364 0.99951 0.00729269 -1.94428 -0.997336 0.0298847 0.0665372 86.1115 
0.0666412 -0.00988794 0.997728 40.0753 0.0304646 0.999505 0.00787073 -1.95317 -0.997312 0.0298709 0.0669094 86.1624 
0.067007 -0.0100678 0.997702 40.8134 0.0299317 0.999519 0.00807585 -1.95645 -0.997303 0.0293218 0.0672761 86.2216 
0.0667515 -0.0103288 0.997716 41.5451 0.0295744 0.999528 0.00836893 -1.95749 -0.997331 0.0289482 0.0670254 86.2786 
0.066701 -0.00969063 0.997726 42.2889 0.0288175 0.999554 0.00778186 -1.95922 -0.997357 0.0282329 0.0669505 86.333 
0.0662316 -0.0100621 0.997754 43.022 0.0282432 0.999567 0.00820555 -1.96562 -0.997404 0.0276363 0.0664872 86.387 
0.0658986 -0.00993185 0.997777 43.7595 0.0279061 0.999578 0.0081067 -1.97421 -0.997436 0.0273099 0.0661479 86.4317 
0.0656463 -0.00987202 0.997794 44.495 0.0281016 0.999573 0.00804077 -1.97755 -0.997447 0.0275118 0.0658956 86.4785 
0.0648287 -0.0103563 0.997843 45.2296 0.0289613 0.999544 0.00849241 -1.98144 -0.997476 0.0283483 0.0650991 86.5286 
0.0638109 -0.00995972 0.997912 45.964 0.0296421 0.999528 0.0080804 -1.9884 -0.997522 0.0290646 0.064076 86.5837 
0.062974 -0.00997485 0.997965 46.698 0.0302098 0.999511 0.00808399 -2.00057 -0.997558 0.0296393 0.0632445 86.6372 
0.0624025 -0.00925742 0.998008 47.4307 0.0299107 0.999525 0.00740126 -2.00687 -0.997603 0.0293893 0.0626497 86.686 
0.0622946 -0.0088144 0.998019 48.1648 0.0295823 0.999538 0.00698134 -2.00837 -0.997619 0.0290888 0.0625266 86.7361 
0.0620191 -0.00913432 0.998033 48.8991 0.0290354 0.999551 0.00734391 -2.01141 -0.997653 0.0285228 0.0622565 86.7848 
0.0617042 -0.00948741 0.998049 49.6273 0.0290018 0.99955 0.00770864 -2.0155 -0.997673 0.0284696 0.0619515 86.8331 
0.0613645 -0.00940291 0.998071 50.3696 0.0280202 0.999578 0.00769434 -2.0192 -0.997722 0.027494 0.0616021 86.8847 
0.0610191 -0.00930363 0.998093 51.1135 0.0271222 0.999603 0.00765957 -2.02405 -0.997768 0.0266031 0.0612471 86.9337 
0.0607137 -0.00906662 0.998114 51.8501 0.0261471 0.99963 0.0074899 -2.03214 -0.997813 0.0256431 0.0609283 86.9852 
0.0607426 -0.00917468 0.998111 52.5889 0.0259736 0.999634 0.00760799 -2.03779 -0.997815 0.0254624 0.0609586 87.0301 
0.0602329 -0.00913658 0.998143 53.3279 0.0259584 0.999634 0.00758377 -2.04413 -0.997847 0.0254534 0.060448 87.0807 
0.0603001 -0.00935105 0.998136 54.0616 0.0256973 0.999639 0.00781268 -2.05026 -0.997849 0.0251783 0.0605186 87.1266 
0.0601319 -0.009867 0.998142 54.7885 0.0251434 0.999649 0.00836717 -2.05335 -0.997874 0.0245936 0.0603588 87.1727 
0.0598647 -0.0104082 0.998152 55.5274 0.0252965 0.99964 0.00890656 -2.06088 -0.997886 0.0247166 0.0601064 87.2246 
0.0601833 -0.0107817 0.998129 56.2598 0.0269538 0.999595 0.00917232 -2.06746 -0.997823 0.0263514 0.0604496 87.264 
0.059897 -0.010905 0.998145 56.9832 0.028159 0.999561 0.00923069 -2.0627 -0.997807 0.0275538 0.0601778 87.31 
0.0601174 -0.010409 0.998137 57.707 0.0280958 0.999567 0.0087317 -2.06814 -0.997796 0.0275185 0.0603838 87.3539 
0.0602791 -0.00997517 0.998132 58.4284 0.0277272 0.999581 0.00831515 -2.06946 -0.997796 0.0271742 0.0605304 87.3995 
0.0603674 -0.00972928 0.998129 59.1424 0.0273114 0.999594 0.00809175 -2.07233 -0.997803 0.0267719 0.0606087 87.4471 
0.0602868 -0.00921833 0.998139 59.8511 0.0272246 0.999601 0.00758749 -2.07195 -0.99781 0.0267165 0.0605137 87.4966 
0.060296 -0.00897011 0.99814 60.5646 0.0279292 0.999583 0.00729593 -2.0808 -0.99779 0.0274373 0.0605214 87.5402 
0.0605433 -0.00883824 0.998126 61.2827 0.0270971 0.999607 0.00720772 -2.08632 -0.997798 0.02661 0.060759 87.5817 
0.0607259 -0.00881588 0.998116 61.9963 0.0262613 0.999629 0.00723149 -2.09276 -0.997809 0.0257727 0.0609349 87.6277 
0.0611388 -0.00872555 0.998091 62.6988 0.0254861 0.999649 0.00717801 -2.09253 -0.997804 0.0249986 0.0613397 87.6682 
0.0617638 -0.00860115 0.998054 63.4105 0.0249863 0.999663 0.00706875 -2.09684 -0.997778 0.0245011 0.0619579 87.7107 
0.0622159 -0.00914626 0.998021 64.1078 0.0244043 0.999673 0.00764005 -2.09974 -0.997764 0.0238807 0.0624188 87.7578 
0.0627308 -0.00914922 0.997989 64.8042 0.0239278 0.999684 0.00766073 -2.10045 -0.997744 0.0233991 0.0629299 87.8023 
0.0638405 -0.00941869 0.997916 65.499 0.0244878 0.999669 0.00786866 -2.10916 -0.99766 0.0239344 0.06405 87.8491 
0.0652325 -0.00985838 0.997821 66.1865 0.0250458 0.999652 0.00823911 -2.11321 -0.997556 0.0244538 0.0654567 87.8967 
0.0666594 -0.00985109 0.997727 66.8681 0.0246107 0.999663 0.00822593 -2.11398 -0.997472 0.0240065 0.0668794 87.9479 
0.0687282 -0.0100426 0.997585 67.5456 0.0242902 0.99967 0.00839012 -2.11432 -0.99734 0.0236549 0.0689494 87.9971 
0.0700586 -0.0101539 0.997491 68.2223 0.0251968 0.999647 0.00840611 -2.11012 -0.997225 0.0245447 0.0702897 88.0541 
0.0721921 -0.0105743 0.997335 68.8954 0.0256576 0.999633 0.00874141 -2.11315 -0.997061 0.0249582 0.0724369 88.1064 
0.0748073 -0.0109624 0.997138 69.568 0.0260848 0.999619 0.00903279 -2.12047 -0.996857 0.0253344 0.0750648 88.1592 
0.0769784 -0.0105114 0.996977 70.2382 0.0254803 0.999639 0.0085721 -2.12125 -0.996707 0.0247434 0.0772185 88.2176 
0.0797745 -0.0105151 0.996757 70.9002 0.0258754 0.999629 0.00847448 -2.12516 -0.996477 0.0251155 0.080017 88.2705 
0.0826196 -0.0111463 0.996519 71.5564 0.0259391 0.999623 0.00903041 -2.1322 -0.996244 0.0251027 0.0828775 88.3256 
0.084721 -0.0119078 0.996334 72.1969 0.0257931 0.99962 0.00975382 -2.1318 -0.996071 0.0248722 0.0849959 88.3849 
0.0871594 -0.0122881 0.996119 72.8258 0.0248477 0.99964 0.0101574 -2.13776 -0.995884 0.023866 0.0874333 88.4436 
0.0898541 -0.0118649 0.995884 73.4423 0.0247265 0.999647 0.00967876 -2.1398 -0.995648 0.0237551 0.0901158 88.5037 
0.0933793 -0.0111041 0.995569 74.0381 0.0244028 0.999663 0.00886087 -2.14389 -0.995332 0.0234673 0.0936188 88.5597 
0.0973289 -0.010619 0.995196 74.6202 0.0243992 0.999668 0.00828055 -2.14733 -0.994953 0.023476 0.0975557 88.6226 
0.102517 -0.00976632 0.994683 75.2003 0.0222009 0.999725 0.00752769 -2.14917 -0.994483 0.0213111 0.102706 88.6781 
0.106539 -0.00914357 0.994266 75.7662 0.0210733 0.999754 0.00693596 -2.15323 -0.994085 0.0202135 0.106705 88.7417 
0.110437 -0.00849047 0.993847 76.3188 0.0214569 0.999751 0.00615659 -2.15257 -0.993651 0.020645 0.110592 88.8072 
0.113257 -0.00842513 0.99353 76.8539 0.0215253 0.99975 0.00602411 -2.15717 -0.993333 0.0207038 0.11341 88.8826 
0.116481 -0.00810771 0.99316 77.377 0.0214698 0.999754 0.00564348 -2.16158 -0.992961 0.0206656 0.116627 88.9442 
0.118141 -0.00604191 0.992978 77.8785 0.0195601 0.999802 0.00375623 -2.14365 -0.992804 0.018979 0.118236 89.0162 
0.117655 -0.00479933 0.993043 78.3719 0.0167477 0.999856 0.00284801 -2.14376 -0.992913 0.0162961 0.117718 89.0907 
0.114443 -0.00417508 0.993421 78.8438 0.0132575 0.999909 0.00267506 -2.15068 -0.993341 0.0128641 0.114488 89.1578 
0.108018 -0.00332588 0.994143 79.3025 0.0100927 0.999947 0.00224868 -2.15237 -0.994098 0.00979066 0.108046 89.2105 
0.0951377 -0.00239086 0.995461 79.7415 0.0064742 0.999977 0.00178296 -2.15086 -0.995443 0.00627519 0.0951511 89.2563 
0.0754932 -0.00259492 0.997143 80.16 0.00484671 0.999986 0.00223537 -2.15526 -0.997135 0.00466411 0.0755047 89.2734 
0.0480385 -0.00304326 0.998841 80.5633 0.00417324 0.999987 0.00284604 -2.16372 -0.998837 0.00403168 0.0480506 89.2749 
0.0125126 -0.00232239 0.999919 80.9554 0.00353256 0.999991 0.00227835 -2.16835 -0.999915 0.00350376 0.0125207 89.2609 
-0.0312269 -0.00118495 0.999512 81.3347 0.00443686 0.999989 0.00132413 -2.1685 -0.999502 0.00447604 -0.0312214 89.2279 
-0.0818927 -0.00328587 0.996636 81.705 0.00489733 0.999981 0.00369931 -2.18697 -0.996629 0.0051838 -0.081875 89.1695 
-0.13947 -0.00114645 0.990226 82.0738 0.00798751 0.999965 0.00228274 -2.17604 -0.990194 0.00822781 -0.139456 89.0879 
-0.203354 -0.000373127 0.979105 82.4211 0.0106867 0.99994 0.00260063 -2.1883 -0.979047 0.0109923 -0.203337 88.9923 
-0.268624 0.00256249 0.963242 82.7477 0.0160273 0.99987 0.00180968 -2.18126 -0.963112 0.0159243 -0.26863 88.8472 
-0.336589 0.00148799 0.94165 83.0634 0.0211382 0.999759 0.00597597 -2.18954 -0.941414 0.0219163 -0.33654 88.6848 
-0.405726 -0.00144548 0.913994 83.3872 0.0249432 0.999609 0.0126533 -2.19389 -0.913654 0.0279317 -0.405531 88.5133 
-0.469886 -0.000141955 0.882727 83.662 0.0283237 0.999483 0.0152378 -2.17507 -0.882273 0.0321622 -0.469639 88.3097 
-0.532786 0.000788991 0.84625 83.9242 0.0279616 0.99947 0.0166724 -2.16127 -0.845788 0.0325453 -0.532526 88.0955 
-0.593827 -0.00291233 0.804588 84.1603 0.0235236 0.999503 0.0209794 -2.16029 -0.804249 0.0313849 -0.593463 87.8649 
-0.652989 -0.00834946 0.757322 84.3873 0.0189049 0.999448 0.0273194 -2.16475 -0.757132 0.0321563 -0.65247 87.6302 
-0.707337 -0.00739888 0.706838 84.5827 0.0184762 0.99941 0.0289506 -2.14359 -0.706635 0.0335375 -0.706783 87.3684 
-0.757793 -0.00785493 0.652448 84.7529 0.0167815 0.999362 0.0315226 -2.13815 -0.652279 0.0348367 -0.757178 87.0944 
-0.802736 -0.00428068 0.596319 84.9121 0.0191948 0.999271 0.0330124 -2.13762 -0.596025 0.0379465 -0.802069 86.7993 
-0.840335 -0.000759705 0.542067 85.0427 0.0200251 0.999273 0.0324443 -2.13107 -0.541698 0.038119 -0.839708 86.4996 
-0.873165 0.00428139 0.487407 85.1698 0.0215954 0.999319 0.029909 -2.11122 -0.486947 0.0366413 -0.872663 86.1857 
-0.900273 0.00195929 0.435321 85.2933 0.0169412 0.99939 0.0305374 -2.10019 -0.434996 0.0348669 -0.899757 85.8539 
-0.921528 -0.00177446 0.388308 85.4069 0.0122756 0.999357 0.033699 -2.09715 -0.388118 0.0358213 -0.920913 85.5163 
-0.93837 -0.00316022 0.345617 85.5026 0.0100398 0.999287 0.0363959 -2.08596 -0.345486 0.0376228 -0.937669 85.1678 
-0.95233 -0.00396815 0.305045 85.5894 0.00844867 0.999189 0.039374 -2.0794 -0.304954 0.0400743 -0.951524 84.81 
-0.96364 -0.0034065 0.267183 85.6569 0.00751516 0.999178 0.039844 -2.06262 -0.267099 0.0404032 -0.962822 84.4482 
-0.972654 -0.00450738 0.232216 85.7195 0.00502497 0.999169 0.0404417 -2.05223 -0.232205 0.0405027 -0.971823 84.0772 
-0.979884 -0.00575747 0.199487 85.7775 0.00256703 0.999137 0.0414457 -2.0444 -0.199554 0.0411241 -0.979024 83.6892 
-0.985398 -0.00654263 0.170142 85.8241 0.000612609 0.999119 0.0419681 -2.03589 -0.170266 0.0414595 -0.984525 83.2986 
-0.989502 -0.00666409 0.144363 85.8645 -0.000598661 0.999117 0.0420179 -2.02532 -0.144516 0.0414904 -0.988632 82.8947 
-0.992504 -0.00504433 0.122105 85.8985 1.70398e-05 0.999142 0.0414144 -2.01155 -0.122209 0.0411061 -0.991653 82.4758 
-0.994643 -0.00369237 0.103304 85.9301 0.000588701 0.999143 0.0413804 -1.99863 -0.103368 0.0412196 -0.993789 82.043 
-0.99613 -0.00373883 0.0878148 85.9617 -0.000123867 0.999154 0.0411352 -1.98154 -0.0878942 0.0409651 -0.995287 81.6032 
-0.997119 -0.00295055 0.0757976 85.9882 0.000153656 0.999163 0.0409154 -1.9677 -0.0758549 0.0408091 -0.996283 81.1438 
-0.997785 -0.00204204 0.0664932 86.0154 0.000658842 0.999176 0.0405716 -1.95598 -0.0665213 0.0405255 -0.996962 80.6655 
-0.998221 -0.00136731 0.059611 86.0441 0.00103449 0.999189 0.0402418 -1.9397 -0.0596177 0.0402319 -0.99741 80.1764 
-0.998479 -0.000159423 0.055133 86.0704 0.00204862 0.999198 0.0399906 -1.91891 -0.0550952 0.0400427 -0.997678 79.6633 
-0.998579 0.000793711 0.0532825 86.0933 0.00292323 0.999199 0.0399005 -1.90254 -0.0532082 0.0399996 -0.997782 79.1438 
-0.99859 0.00197392 0.053047 86.1209 0.0040786 0.999207 0.0395969 -1.88582 -0.0529268 0.0397574 -0.997807 78.6088 
-0.998538 0.00242526 0.0539987 86.1508 0.00459477 0.999186 0.0400893 -1.86987 -0.0538575 0.0402789 -0.997736 78.0614 
-0.99846 0.00342934 0.0553648 86.1828 0.00569696 0.999149 0.0408519 -1.85202 -0.0551776 0.0411044 -0.99763 77.5033 
-0.998389 0.00566952 0.0564581 86.2154 0.00807485 0.999065 0.0424672 -1.83553 -0.0561646 0.0428547 -0.997501 76.9432 
-0.998302 0.00781597 0.057721 86.2499 0.0103592 0.998982 0.043894 -1.81464 -0.0573192 0.0444174 -0.997367 76.376 
-0.9982 0.00990451 0.0591424 86.2851 0.0125918 0.998897 0.0452385 -1.79947 -0.058629 0.0459018 -0.997224 75.8172 
-0.998098 0.0112685 0.0606109 86.3205 0.0140973 0.998821 0.0464481 -1.78527 -0.0600161 0.0472142 -0.99708 75.2484 
-0.997995 0.0128447 0.061969 86.3576 0.0157873 0.998759 0.0472322 -1.76808 -0.0612854 0.0481158 -0.99696 74.6819 
-0.997875 0.0139524 0.0636538 86.3965 0.0169947 0.998726 0.047506 -1.75132 -0.0629099 0.0484868 -0.996841 74.1124 
-0.997731 0.0149864 0.0656353 86.4361 0.018114 0.998716 0.0473191 -1.73268 -0.0648419 0.0484007 -0.996721 73.5555 
-0.997599 0.0160581 0.067368 86.4796 0.0192498 0.998709 0.0469988 -1.71493 -0.0665264 0.0481828 -0.996621 72.9916 
-0.99744 0.0177077 0.0692778 86.5199 0.0209305 0.998719 0.046074 -1.69947 -0.0683732 0.0474061 -0.996533 72.4402 
-0.997275 0.0184325 0.0714297 86.5599 0.0216688 0.998761 0.0448005 -1.67742 -0.0705155 0.0462263 -0.996439 71.8818 
-0.997099 0.0194398 0.0735885 86.6018 0.0227391 0.998761 0.0442649 -1.66017 -0.0726369 0.0458099 -0.996306 71.3278 
-0.996931 0.0200822 0.0756697 86.6487 0.0235047 0.998728 0.044614 -1.64633 -0.0746774 0.0462557 -0.996134 70.7754 
-0.996796 0.0200109 0.0774388 86.701 0.0235501 0.998706 0.0450637 -1.62697 -0.0764368 0.046743 -0.995978 70.2166 
-0.996676 0.0199411 0.0789892 86.7488 0.0236376 0.998655 0.0461423 -1.61321 -0.0779628 0.0478561 -0.995807 69.6664 
-0.996585 0.019797 0.0801674 86.7944 0.0236318 0.998607 0.0471721 -1.60087 -0.0791219 0.0489055 -0.995665 69.1245 
-0.996552 0.0188469 0.0808042 86.844 0.0227344 0.998614 0.0474627 -1.5808 -0.0797977 0.0491361 -0.995599 68.574 
-0.996612 0.0174595 0.0803743 86.8921 0.0213264 0.998643 0.047507 -1.56395 -0.0794358 0.0490601 -0.995632 68.0259 
-0.996729 0.0171309 0.0789843 86.9395 0.0209408 0.998644 0.0476627 -1.54859 -0.0780607 0.0491608 -0.995736 67.4808 
-0.996873 0.0170373 0.0771641 86.983 0.0207668 0.998641 0.047791 -1.5343 -0.0762451 0.049244 -0.995872 66.9418 
-0.997044 0.0165161 0.075031 87.0265 0.0201678 0.998635 0.0481753 -1.52222 -0.0741329 0.0495461 -0.996017 66.4093 
-0.997211 0.0160548 0.0728863 87.069 0.0196313 0.998624 0.0486212 -1.5098 -0.0720055 0.0499165 -0.996154 65.8928 
-0.99742 0.0153533 0.0701231 87.1089 0.0188141 0.998623 0.0489623 -1.4908 -0.0692748 0.0501552 -0.996336 65.3752 
-0.997798 0.0126715 0.0650998 87.1443 0.015912 0.998647 0.0495034 -1.47638 -0.0643844 0.0504303 -0.99665 64.8786 
-0.998379 0.00972832 0.0560761 87.1719 0.0125479 0.998663 0.0501513 -1.46616 -0.0555132 0.0507736 -0.997166 64.4036 
-0.999058 0.00775227 0.0426994 87.188 0.00992084 0.998659 0.0508113 -1.45108 -0.0422482 0.0511871 -0.997795 63.938 
-0.999669 0.00717723 0.0247091 87.1892 0.00844243 0.998638 0.0514863 -1.43816 -0.0243059 0.0516779 -0.998368 63.492 
-0.999984 0.00551971 0.000875725 87.1775 0.00555782 0.998628 0.0520641 -1.4249 -0.000587145 0.0520682 -0.998643 63.0629 
-0.999582 0.00434345 -0.0285879 87.1478 0.00282818 0.998599 0.0528326 -1.409 0.0287773 0.0527297 -0.998194 62.6523 
-0.997954 0.00456158 -0.0637665 87.1 0.00112592 0.998551 0.053811 -1.39743 0.0639196 0.0536292 -0.996513 62.2635 
-0.994489 0.00749865 -0.104571 87.0262 0.00190278 0.998566 0.0535099 -1.3885 0.104823 0.053016 -0.993077 61.887 
-0.988544 0.0109109 -0.150539 86.9386 0.00290003 0.998573 0.0533316 -1.37549 0.150906 0.0522841 -0.987165 61.5197 
-0.979523 0.0153179 -0.20075 86.8278 0.00447208 0.998511 0.0543693 -1.36612 0.201284 0.0523582 -0.978133 61.1643 
-0.96688 0.0196452 -0.254475 86.6906 0.00578532 0.998464 0.0550992 -1.35388 0.255166 0.0518021 -0.965508 60.8191 
-0.950328 0.024278 -0.310301 86.5314 0.00757793 0.998462 0.0549116 -1.34005 0.311157 0.0498326 -0.949051 60.4854 
-0.930072 0.0281911 -0.366295 86.3604 0.00850182 0.998436 0.0552552 -1.32743 0.367279 0.0482771 -0.928857 60.1708 
-0.906321 0.0319124 -0.421383 86.1673 0.0088322 0.998357 0.0566115 -1.31568 0.422497 0.0475865 -0.905114 59.8666 
-0.879087 0.0343279 -0.475423 85.9621 0.00846476 0.99837 0.0564353 -1.30042 0.476586 0.0455872 -0.877945 59.5825 
-0.848942 0.0352594 -0.527308 85.7456 0.00708298 0.998441 0.0553593 -1.2927 0.528438 0.0432619 -0.847869 59.324 
-0.81594 0.0345283 -0.577105 85.5097 0.00461524 0.998572 0.0532195 -1.28205 0.578118 0.0407604 -0.814934 59.0751 
-0.778559 0.0299991 -0.626854 85.264 -0.00131052 0.998777 0.0494257 -1.26293 0.62757 0.0393024 -0.777567 58.829 
-0.737146 0.0270094 -0.675194 85.0003 -0.00555028 0.998925 0.0460191 -1.24495 0.675711 0.0376703 -0.736204 58.6052 
-0.692079 0.0261606 -0.721348 84.7136 -0.00936065 0.998934 0.0452085 -1.22791 0.721761 0.0380401 -0.691096 58.3899 
-0.643594 0.0272397 -0.764882 84.4105 -0.0137695 0.998793 0.0471559 -1.21642 0.765244 0.0408813 -0.642442 58.1845 
-0.592404 0.0282618 -0.805145 84.0939 -0.0179271 0.998675 0.0482452 -1.20435 0.805441 0.0430146 -0.591113 58.0038 
-0.539962 0.0305737 -0.841134 83.7591 -0.021207 0.998529 0.0499085 -1.1951 0.841422 0.0447866 -0.538519 57.8398 
-0.487271 0.0344808 -0.87257 83.4089 -0.0213615 0.99845 0.051384 -1.18444 0.87299 0.0436773 -0.485779 57.6926 
-0.437056 0.0374662 -0.898654 83.0504 -0.0221495 0.998381 0.0523963 -1.17494 0.899162 0.0428048 -0.435518 57.5662 
-0.389533 0.0380529 -0.920226 82.6818 -0.0244563 0.998366 0.0516365 -1.16376 0.920688 0.0426194 -0.387966 57.4475 
-0.344705 0.0360443 -0.938019 82.2977 -0.0280712 0.99842 0.0486809 -1.15334 0.938291 0.0431118 -0.343149 57.3356 
-0.302263 0.033051 -0.952651 81.9078 -0.0328702 0.998443 0.045069 -1.13984 0.952658 0.0449365 -0.300706 57.2356 
-0.262413 0.030165 -0.964484 81.5063 -0.0361975 0.9985 0.0410774 -1.12752 0.964276 0.0456912 -0.260928 57.1526 
-0.224875 0.0276526 -0.973995 81.0955 -0.0372135 0.998624 0.0369437 -1.11321 0.973677 0.0445535 -0.223537 57.0854 
-0.189787 0.0259824 -0.981482 80.6701 -0.0376552 0.998722 0.0337201 -1.10598 0.981103 0.0433575 -0.188566 57.0265 
-0.157593 0.0247029 -0.987195 80.2315 -0.0373563 0.998822 0.0309573 -1.09419 0.986797 0.0417566 -0.156484 56.981 
-0.128657 0.0235345 -0.99141 79.775 -0.0368472 0.998915 0.0284944 -1.08157 0.991004 0.0401966 -0.12765 56.9407 
-0.104097 0.0223913 -0.994315 79.307 -0.0351682 0.999038 0.0261795 -1.06467 0.993945 0.0376934 -0.10321 56.9119 
-0.0839254 0.0233546 -0.996198 78.8296 -0.0334699 0.999095 0.0262422 -1.06334 0.99591 0.035545 -0.0830678 56.8843 
-0.0674079 0.0251485 -0.997409 78.3341 -0.0327191 0.999089 0.0274021 -1.05451 0.997189 0.0344814 -0.0665237 56.8602 
-0.0543079 0.0269771 -0.99816 77.826 -0.0338616 0.99901 0.0288424 -1.04404 0.99795 0.0353656 -0.0533407 56.8378 
-0.0444323 0.0281301 -0.998616 77.3003 -0.0344958 0.998964 0.0296747 -1.03207 0.998417 0.0357666 -0.0434159 56.8184 
-0.0376344 0.0293852 -0.998859 76.759 -0.0342147 0.998944 0.0306768 -1.02401 0.998706 0.0353302 -0.0365892 56.7964 
-0.0332677 0.0306537 -0.998976 76.1932 -0.0329802 0.998952 0.0317512 -1.00939 0.998902 0.0340027 -0.0322219 56.7863 
-0.0302606 0.0320218 -0.999029 75.6228 -0.0324265 0.998929 0.0330008 -1.00056 0.999016 0.0333936 -0.0291899 56.7735 
-0.0292774 0.0323495 -0.999048 75.0344 -0.0321005 0.99893 0.0332864 -0.985756 0.999056 0.0330445 -0.0282077 56.7552 
-0.0304005 0.0316307 -0.999037 74.431 -0.0319084 0.998959 0.0325992 -0.966169 0.999028 0.0328687 -0.0293595 56.7359 
-0.0322356 0.0307313 -0.999008 73.8124 -0.0311625 0.99901 0.0317369 -0.950414 0.998994 0.0321546 -0.031246 56.7178 
-0.0335996 0.0306645 -0.998965 73.1777 -0.0299274 0.99905 0.0316737 -0.942232 0.998987 0.0309607 -0.03265 56.6877 
-0.0364867 0.0297644 -0.998891 72.5283 -0.0277898 0.99914 0.0307869 -0.923107 0.998948 0.0288823 -0.0356282 56.6642 
-0.0394648 0.0297311 -0.998779 71.8607 -0.0265564 0.999173 0.0307922 -0.907963 0.998868 0.0277392 -0.0386426 56.6354 
-0.042236 0.0296043 -0.998669 71.1859 -0.0261802 0.999185 0.0307268 -0.893865 0.998765 0.0274431 -0.0414266 56.6001 
-0.0452526 0.029654 -0.998535 70.4914 -0.0246289 0.999222 0.0307906 -0.878364 0.998672 0.0259862 -0.044487 56.5614 
-0.0481692 0.0298703 -0.998392 69.7766 -0.0226604 0.999263 0.0309896 -0.856964 0.998582 0.0241167 -0.0474569 56.5236 
-0.0502404 0.0300111 -0.998286 69.0464 -0.0207125 0.999302 0.0310841 -0.83457 0.998522 0.0222386 -0.0495837 56.4859 
-0.0527772 0.0299526 -0.998157 68.3114 -0.0202399 0.999313 0.0310575 -0.821058 0.998401 0.0218418 -0.0521347 56.4461 
-0.054209 0.0305018 -0.998064 67.5597 -0.0210608 0.999276 0.0316828 -0.806215 0.998307 0.0227375 -0.0535273 56.4019 
-0.0554003 0.0315227 -0.997966 66.795 -0.020207 0.999261 0.0326853 -0.784182 0.99826 0.0219767 -0.0547224 56.3625 
-0.0566353 0.0329472 -0.997851 66.0311 -0.0202803 0.999211 0.0341431 -0.76466 0.998189 0.0221704 -0.0559224 56.3194 
-0.0572393 0.0334369 -0.9978 65.2454 -0.0206282 0.999186 0.0346667 -0.742313 0.998147 0.0225671 -0.056503 56.2694 
-0.0585117 0.0339891 -0.997708 64.461 -0.0209662 0.999158 0.035268 -0.721528 0.998067 0.0229817 -0.0577498 56.2214 
-0.0592113 0.0334259 -0.997686 63.6839 -0.0221206 0.99915 0.0347878 -0.701308 0.998 0.0241293 -0.0584215 56.1692 
-0.059526 0.032719 -0.99769 62.8972 -0.0234677 0.999141 0.0341667 -0.678935 0.997951 0.0254473 -0.0587071 56.1128 
-0.05967 0.0326145 -0.997685 62.1004 -0.0244654 0.999118 0.0341246 -0.661287 0.997918 0.026445 -0.0588194 56.0586 
-0.0593236 0.0323971 -0.997713 61.2938 -0.0251262 0.999108 0.0339364 -0.644637 0.997923 0.027082 -0.0584567 56.0108 
-0.0590042 0.0322902 -0.997735 60.4828 -0.0260564 0.999086 0.0338748 -0.620754 0.997918 0.0279961 -0.0581089 55.9601 
-0.0583951 0.033431 -0.997734 59.6573 -0.0257479 0.999056 0.0349823 -0.602768 0.997961 0.0277324 -0.0574792 55.9112 
-0.0574521 0.0343955 -0.997756 58.8414 -0.0251707 0.999039 0.0358891 -0.58601 0.998031 0.0271761 -0.0565311 55.8616 
-0.0567841 0.0350914 -0.99777 57.9991 -0.0234904 0.999058 0.0364736 -0.564 0.99811 0.0255091 -0.0559063 55.817 
-0.0566191 0.0353417 -0.99777 57.1558 -0.0216239 0.999095 0.0366157 -0.540236 0.998162 0.0236489 -0.0558037 55.7721 
-0.0569187 0.0353364 -0.997753 56.3204 -0.0197175 0.999139 0.0365103 -0.519465 0.998184 0.0217513 -0.0561729 55.7262 
-0.056869 0.0353819 -0.997754 55.4712 -0.017854 0.999176 0.0364499 -0.501999 0.998222 0.0198868 -0.0561905 55.6831 
-0.0570938 0.0353707 -0.997742 54.6235 -0.0166887 0.999199 0.0363773 -0.482826 0.998229 0.018728 -0.0564578 55.6324 
-0.0571892 0.0355151 -0.997731 53.7713 -0.0154864 0.999215 0.0364556 -0.453557 0.998243 0.0175361 -0.0565943 55.58 
-0.0575549 0.036535 -0.997674 52.9214 -0.0142327 0.999199 0.0374119 -0.436213 0.998241 0.0163528 -0.0569888 55.5301 
-0.0576143 0.0377571 -0.997625 52.0587 -0.0121628 0.999184 0.0385185 -0.415096 0.998265 0.0143531 -0.0571081 55.4746 
-0.0578886 0.0389635 -0.997562 51.2049 -0.0128602 0.999126 0.0397708 -0.392873 0.99824 0.0151311 -0.057337 55.4178 
-0.0577524 0.039605 -0.997545 50.3539 -0.0132258 0.999095 0.0404323 -0.371648 0.998243 0.0155284 -0.0571763 55.3604 
-0.0586007 0.0393343 -0.997506 49.5047 -0.0134149 0.999102 0.0401853 -0.342395 0.998191 0.0157363 -0.0580205 55.3064 
-0.0592494 0.0394248 -0.997464 48.6395 -0.0128284 0.999107 0.0402517 -0.324075 0.998161 0.0151808 -0.0586908 55.2507 
-0.0602322 0.0397168 -0.997394 47.7842 -0.0128388 0.999095 0.0405598 -0.30493 0.998102 0.0152483 -0.0596678 55.1984 
-0.0610807 0.0395333 -0.99735 46.9312 -0.0132255 0.999096 0.0404125 -0.275399 0.998045 0.0156588 -0.0605026 55.1392 
-0.0617192 0.0399207 -0.997295 46.0813 -0.0137929 0.99907 0.0408453 -0.25521 0.997998 0.0162765 -0.0611112 55.0813 
-0.0625221 0.0401758 -0.997235 45.224 -0.0131502 0.99907 0.0410742 -0.23521 0.997957 0.0156819 -0.0619356 55.0265 
-0.0629629 0.0399029 -0.997218 44.3724 -0.0129928 0.999083 0.0407978 -0.206183 0.997931 0.0155254 -0.0623867 54.97 
-0.0630849 0.0399065 -0.99721 43.5325 -0.0128176 0.999085 0.0407924 -0.188981 0.997926 0.0153552 -0.0625157 54.9129 
-0.063274 0.0397176 -0.997206 42.6952 -0.0124184 0.999099 0.0405809 -0.168601 0.997919 0.0149514 -0.0627238 54.8668 
-0.0634713 0.0397757 -0.997191 41.8701 -0.0105858 0.999122 0.0405265 -0.146531 0.997928 0.0131283 -0.0629946 54.8256 
-0.0637067 0.0400518 -0.997165 41.0343 -0.00943319 0.999126 0.0407332 -0.120097 0.997924 0.0120014 -0.0632731 54.7777 
-0.0630175 0.0400499 -0.997209 40.2084 -0.00820121 0.99914 0.0406457 -0.0925865 0.997979 0.0107397 -0.0626348 54.7184 
-0.0629835 0.0397241 -0.997224 39.3898 -0.00746917 0.999161 0.0402731 -0.078705 0.997987 0.00998497 -0.0626339 54.6733 
-0.0630628 0.0374572 -0.997306 38.5769 -0.00591934 0.999264 0.037905 -0.0471055 0.997992 0.00829379 -0.0627947 54.6277 
-0.0628199 0.0366284 -0.997353 37.7554 -0.00540714 0.999299 0.0370405 -0.0278794 0.99801 0.0077197 -0.0625778 54.5749 
-0.0626734 0.0366775 -0.99736 36.9526 -0.00666883 0.999287 0.0371674 -0.0117946 0.998012 0.00898064 -0.0623841 54.5226 
-0.0624325 0.0374572 -0.997346 36.1376 -0.00598744 0.999263 0.037904 0.010289 0.998031 0.00833799 -0.0621622 54.471 
-0.0626354 0.038255 -0.997303 35.3257 -0.00617867 0.999231 0.038717 0.0308448 0.998017 0.00858706 -0.0623508 54.4227 
-0.062393 0.0394881 -0.99727 34.5261 -0.00598442 0.999184 0.0399383 0.0457861 0.998034 0.00845995 -0.0621057 54.3698 
-0.0636611 0.0396019 -0.997186 33.7305 -0.00460451 0.99919 0.0399754 0.0682718 0.997961 0.00713643 -0.0634272 54.3197 
-0.065174 0.0389745 -0.997112 32.9318 -0.00332669 0.999223 0.0392745 0.0909163 0.997868 0.00587676 -0.0649937 54.271 
-0.0664199 0.0385729 -0.997046 32.1429 -0.00254145 0.999243 0.0388272 0.108115 0.997789 0.00511284 -0.0662716 54.2194 
-0.0681552 0.0381984 -0.996943 31.3582 -0.00192238 0.99926 0.0384186 0.125725 0.997673 0.00453493 -0.0680314 54.1649 
-0.0698836 0.0377906 -0.996839 30.5715 -0.00112948 0.999279 0.0379623 0.145151 0.997555 0.00377885 -0.0697904 54.1066 
-0.0718041 0.0373152 -0.99672 29.7855 -0.00183121 0.999293 0.0375434 0.164562 0.997417 0.00452097 -0.071685 54.0439 
-0.0729651 0.0371526 -0.996642 29.0127 -0.003078 0.999293 0.0374767 0.183576 0.99733 0.00580215 -0.0727991 53.9818 
-0.0729902 0.038215 -0.9966 28.2409 -0.00551476 0.999235 0.0387199 0.195087 0.997317 0.00832218 -0.0727236 53.918 
-0.0727832 0.0394054 -0.996569 27.4755 -0.00624757 0.999182 0.039965 0.214382 0.997328 0.00913492 -0.0724775 53.8594 
-0.0716956 0.0412511 -0.996573 26.7001 -0.00747088 0.999094 0.041893 0.235012 0.997399 0.0104488 -0.0713225 53.7991 
-0.0701002 0.0419557 -0.996657 25.9266 -0.00887159 0.999049 0.0426804 0.26104 0.997501 0.0118338 -0.0696614 53.7427 
-0.0681222 0.0422031 -0.996784 25.1594 -0.00850372 0.999044 0.04288 0.281384 0.997641 0.0113975 -0.0676982 53.6915 
-0.0657684 0.0422821 -0.996939 24.4022 -0.00769113 0.999051 0.0428791 0.297605 0.997805 0.0104877 -0.0653808 53.6387 
-0.0639448 0.041612 -0.997086 23.6491 -0.00611388 0.999095 0.042088 0.321793 0.997935 0.00878737 -0.0636326 53.589 
-0.0620342 0.0413006 -0.997219 22.901 -0.00492716 0.999119 0.0416858 0.339475 0.998062 0.00749941 -0.061776 53.5387 
-0.0604063 0.0409875 -0.997332 22.1578 -0.00552235 0.999128 0.0413958 0.363912 0.998159 0.00800818 -0.0601273 53.4882 
-0.0590803 0.0411179 -0.997406 21.414 -0.00555587 0.999122 0.0415177 0.381909 0.998238 0.00799434 -0.0588 53.4445 
-0.0574693 0.0411431 -0.997499 20.6707 -0.00514259 0.999125 0.0415065 0.404797 0.998334 0.00751508 -0.0572074 53.3995 
-0.0560253 0.0407837 -0.997596 19.9257 -0.00494974 0.999142 0.0411249 0.425755 0.998417 0.00724187 -0.0557753 53.3495 
-0.0540313 0.0396891 -0.99775 19.1836 -0.00497915 0.999187 0.0400159 0.445014 0.998527 0.00713006 -0.0537898 53.303 
-0.0530182 0.0383226 -0.997858 18.4447 -0.00491637 0.999241 0.0386369 0.465805 0.998581 0.0069543 -0.0527896 53.2553 
-0.0527489 0.0380326 -0.997883 17.714 -0.00356635 0.999261 0.0382736 0.477589 0.998601 0.00557769 -0.0525742 53.2185 
-0.0525674 0.0380269 -0.997893 16.9814 -0.00317397 0.999263 0.0382463 0.495741 0.998612 0.00517779 -0.052408 53.1788 
-0.0524888 0.0384193 -0.997882 16.2523 -0.00192133 0.999254 0.0385732 0.515572 0.99862 0.00394192 -0.0523758 53.1404 
-0.0518009 0.0393665 -0.997881 15.5343 -0.000670679 0.999221 0.0394541 0.527852 0.998657 0.00271302 -0.0517341 53.0985 
-0.0514677 0.0403038 -0.997861 14.8129 -0.000524028 0.999184 0.0403843 0.543383 0.998675 0.00260139 -0.0514046 53.0615 
-0.0509326 0.0416046 -0.997835 14.1025 -4.21263e-05 0.999132 0.0416609 0.558944 0.998702 0.00216393 -0.0508866 53.023 
-0.049548 0.0428469 -0.997852 13.4028 -0.000210502 0.999079 0.04291 0.576429 0.998772 0.00233615 -0.0494933 52.9886 
-0.0476622 0.0437908 -0.997903 12.7074 -0.000477548 0.999037 0.0438633 0.586938 0.998863 0.00256717 -0.0475954 52.9536 
-0.0451396 0.0436083 -0.998028 12.0293 -0.000148536 0.999046 0.0436595 0.606079 0.998981 0.00211901 -0.0450901 52.9233 
-0.0415991 0.0429089 -0.998213 11.3652 -0.00155801 0.999073 0.0430108 0.61527 0.999133 0.00334444 -0.0414937 52.8911 
-0.0384016 0.0412247 -0.998412 10.7245 -0.00178458 0.999144 0.0413236 0.626128 0.999261 0.00336863 -0.0382952 52.8623 
-0.0350799 0.0404244 -0.998567 10.0998 -0.00278552 0.999174 0.0405468 0.63296 0.999381 0.00420391 -0.0349383 52.8402 
-0.0315418 0.0401383 -0.998696 9.48865 -0.00211444 0.999188 0.0402249 0.647812 0.9995 0.00338045 -0.0314314 52.8157 
-0.028779 0.0411557 -0.998738 8.89191 -0.0017487 0.999148 0.041223 0.659093 0.999584 0.00293285 -0.0286825 52.7962 
-0.0268349 0.0424359 -0.998739 8.31159 -0.0018815 0.999095 0.0425016 0.671336 0.999638 0.00301966 -0.0267308 52.78 
-0.0252951 0.0429594 -0.998757 7.74899 -0.000392906 0.999076 0.0429831 0.683348 0.99968 0.00147968 -0.0252549 52.7655 
-0.0247902 0.0429926 -0.998768 7.20331 0.00122665 0.999075 0.0429754 0.696857 0.999692 -0.000159775 -0.02482 52.7589 
-0.0239132 0.0441036 -0.998741 6.66447 0.00340142 0.999024 0.0440347 0.707422 0.999708 -0.00234413 -0.0240399 52.7456 
-0.0222928 0.0437436 -0.998794 6.14835 0.00373962 0.999039 0.0436709 0.718188 0.999744 -0.00276157 -0.0224349 52.7239 
-0.0214459 0.0425408 -0.998865 5.65252 0.00512795 0.999086 0.0424401 0.734312 0.999757 -0.00421196 -0.0216444 52.7126 
-0.0211039 0.041982 -0.998895 5.17112 0.0067059 0.999101 0.041849 0.742244 0.999755 -0.00581532 -0.0213665 52.6957 
-0.0227347 0.0416058 -0.998875 4.69487 0.00985178 0.999094 0.0413907 0.75022 0.999693 -0.00889969 -0.023124 52.6914 
-0.0265312 0.0407037 -0.998819 4.23458 0.012248 0.999109 0.0403901 0.763307 0.999573 -0.0111619 -0.0270061 52.6803 
-0.0340137 0.0407838 -0.998589 3.80622 0.0138325 0.999091 0.0403331 0.767054 0.999326 -0.0124411 -0.0345469 52.6663 
-0.0454501 0.0410869 -0.998121 3.39913 0.0158399 0.999058 0.0404042 0.774398 0.998841 -0.0139738 -0.0460581 52.6415 
-0.0607316 0.0409847 -0.997312 3.00756 0.017499 0.999047 0.0399904 0.78217 0.998001 -0.0150233 -0.0613909 52.6126 
-0.0784346 0.0413305 -0.996062 2.63863 0.0173194 0.999046 0.0400905 0.788349 0.996769 -0.0141067 -0.0790755 52.5677 
-0.0990478 0.0424429 -0.994177 2.28791 0.0168691 0.999018 0.040969 0.795336 0.99494 -0.012713 -0.0996666 52.5075 
-0.124682 0.0423003 -0.991295 1.95895 0.0181733 0.999021 0.0403442 0.803505 0.99203 -0.0129849 -0.125329 52.4487 
-0.15646 0.0411461 -0.986827 1.6453 0.0204925 0.999052 0.0384067 0.808342 0.987472 -0.0142134 -0.157155 52.3733 
-0.193847 0.0395512 -0.980234 1.34257 0.0210277 0.999125 0.0361551 0.814738 0.980806 -0.0136035 -0.194509 52.2894 
-0.233224 0.0385722 -0.971658 1.05361 0.0189314 0.999204 0.0351217 0.823373 0.972239 -0.0102036 -0.233769 52.1801 
-0.27618 0.0386617 -0.960328 0.773721 0.0153969 0.99924 0.0358003 0.828013 0.960982 -0.00489872 -0.276566 52.056 
-0.322061 0.0380071 -0.945956 0.505775 0.0125098 0.999277 0.0358904 0.834865 0.946636 -0.000274741 -0.322304 51.9195 
-0.369612 0.0366839 -0.928462 0.252303 0.0102235 0.99932 0.0354136 0.843025 0.92913 0.00359716 -0.369736 51.776 
-0.418766 0.0364083 -0.907364 0.0127364 0.00952388 0.999317 0.0357025 0.84807 0.908044 0.00630938 -0.418827 51.6217 
-0.469236 0.0348748 -0.882384 -0.207026 0.00758446 0.999342 0.0354641 0.853042 0.88304 0.00994863 -0.469191 51.455 
-0.518826 0.0330804 -0.854239 -0.418519 0.00541586 0.999358 0.0354108 0.856201 0.854863 0.0137456 -0.518672 51.2711 
-0.567679 0.0305788 -0.822682 -0.61907 0.00191676 0.999356 0.0358231 0.862494 0.823248 0.0187591 -0.567373 51.0719 
-0.616003 0.0283907 -0.787232 -0.80488 0.000220451 0.999357 0.0358682 0.865638 0.787744 0.0219214 -0.615613 50.8692 
-0.662221 0.0256439 -0.74887 -0.978024 -0.0017118 0.99936 0.0357352 0.871268 0.749307 0.0249465 -0.661753 50.6493 
-0.706894 0.026654 -0.706817 -1.15309 0.00171681 0.999351 0.0359684 0.878977 0.707318 0.0242124 -0.706481 50.4171 
-0.750134 0.0320793 -0.660508 -1.32001 0.00926604 0.999235 0.0380071 0.888341 0.661221 0.0223901 -0.749857 50.1721 
-0.790624 0.0373461 -0.611161 -1.47792 0.0159761 0.999057 0.0403817 0.899279 0.612093 0.0221628 -0.790475 49.9102 
-0.828254 0.0365565 -0.559159 -1.60948 0.0159434 0.999003 0.0416965 0.921364 0.560125 0.0256204 -0.828012 49.6348 
-0.863452 0.0360842 -0.503139 -1.72388 0.0156243 0.998873 0.0448238 0.931819 0.504189 0.030842 -0.863042 49.3384 
-0.895119 0.0354212 -0.444418 -1.81465 0.0161843 0.998763 0.0470065 0.944609 0.445534 0.0348838 -0.894585 49.0381 
-0.92218 0.0356943 -0.385112 -1.8979 0.0186269 0.998676 0.0479595 0.951044 0.386313 0.0370538 -0.921623 48.7144 
-0.944352 0.0373689 -0.326807 -1.96846 0.0229285 0.998588 0.0479291 0.952167 0.328136 0.0377687 -0.943875 48.3788 
-0.962083 0.035602 -0.270422 -2.01597 0.0240914 0.998662 0.0457668 0.967855 0.27169 0.0375166 -0.961653 48.0301 
-0.97548 0.0336723 -0.217497 -2.04643 0.0247149 0.998736 0.0437744 0.978836 0.218696 0.0373257 -0.975079 47.668 
-0.98535 0.0298258 -0.167916 -2.06547 0.0231018 0.998857 0.0418557 0.989414 0.168973 0.0373634 -0.984912 47.2921 
-0.991832 0.0293122 -0.124139 -2.07785 0.0247096 0.998955 0.038455 1.00274 0.125137 0.0350734 -0.991519 46.902 
-0.995747 0.0305134 -0.086934 -2.08982 0.0275512 0.999005 0.0350728 1.01531 0.0879177 0.0325285 -0.995596 46.4963 
-0.997949 0.0303137 -0.0563901 -2.08827 0.0285575 0.99909 0.0316933 1.02667 0.0572995 0.0300179 -0.997906 46.0771 
-0.999071 0.0286607 -0.0321724 -2.07582 0.0276874 0.999157 0.0302996 1.03472 0.0330137 0.0293807 -0.999023 45.636 
-0.999566 0.026445 -0.0130027 -2.06285 0.0260351 0.999188 0.030745 1.04402 0.0138052 0.0303931 -0.999443 45.1784 
-0.999663 0.0258653 0.00199215 -2.04631 0.0259148 0.999178 0.0311655 1.0548 -0.00118441 0.0312067 -0.999512 44.7015 
-0.999535 0.0271361 0.0138847 -2.03269 0.0275637 0.999121 0.0315953 1.0644 -0.0130151 0.0319633 -0.999404 44.211 
-0.99936 0.0274443 0.0229349 -2.01362 0.0281614 0.999105 0.0315542 1.07814 -0.0220483 0.0321799 -0.999239 43.7072 
-0.999174 0.0278499 0.0295961 -1.99273 0.0287749 0.999096 0.0313003 1.09224 -0.0286976 0.0321261 -0.999072 43.1902 
-0.999057 0.0272685 0.0337932 -1.96748 0.0283056 0.999131 0.0306011 1.10296 -0.0329294 0.0315288 -0.99896 42.6594 
-0.999012 0.0265387 0.0356554 -1.9401 0.0275865 0.999192 0.0292221 1.11981 -0.0348511 0.0301769 -0.998937 42.1139 
-0.999019 0.0260003 0.0358481 -1.91349 0.0270467 0.999213 0.0290213 1.13207 -0.0350653 0.0299624 -0.998936 41.5473 
-0.999012 0.0270147 0.0352813 -1.89171 0.0280372 0.999192 0.028814 1.14784 -0.0344743 0.0297748 -0.998962 40.9727 
-0.99897 0.0294071 0.0345474 -1.87276 0.0304073 0.999123 0.0287922 1.1596 -0.0336704 0.029813 -0.998988 40.38 
-0.99895 0.0303848 0.0342927 -1.84928 0.0314061 0.999067 0.029646 1.17136 -0.0333599 0.0306918 -0.998972 39.7718 
-0.998912 0.0312579 0.0346062 -1.82158 0.0323212 0.999009 0.0306038 1.18674 -0.0336153 0.031689 -0.998932 39.1475 
-0.998847 0.0323436 0.0354891 -1.78828 0.0334673 0.998942 0.0315386 1.19955 -0.0344315 0.03269 -0.998872 38.5122 
-0.998719 0.0332621 0.0381382 -1.75773 0.0345169 0.998868 0.032727 1.21615 -0.0370065 0.0340014 -0.998736 37.8711 
-0.99854 0.0342591 0.0417556 -1.72914 0.0357315 0.998747 0.0350426 1.23015 -0.0405028 0.0364834 -0.998513 37.2262 
-0.998334 0.0353106 0.0456434 -1.69833 0.0369812 0.998657 0.0362907 1.24771 -0.0443007 0.0379182 -0.998298 36.5784 
-0.99818 0.0348866 0.0491932 -1.66262 0.0367072 0.998655 0.0366052 1.26256 -0.0478501 0.0383443 -0.998118 35.9351 
-0.997949 0.0356636 0.0531557 -1.6271 0.0376163 0.998636 0.0361988 1.27429 -0.0517922 0.0381241 -0.99793 35.2956 
-0.997706 0.0363852 0.0570792 -1.58724 0.0384345 0.99864 0.0352248 1.28827 -0.0557199 0.0373378 -0.997748 34.6612 
-0.997411 0.0364745 0.061982 -1.54573 0.0386488 0.998666 0.0342502 1.30007 -0.06065 0.036557 -0.997489 34.0297 
-0.9971 0.0359891 0.0670514 -1.5018 0.0383162 0.998696 0.0337496 1.31319 -0.0657493 0.0362209 -0.997179 33.3927 
-0.996836 0.0358567 0.0709323 -1.45288 0.0383121 0.998702 0.0335638 1.32534 -0.0696367 0.0361752 -0.996916 32.7575 
-0.996624 0.0361939 0.0736983 -1.39985 0.0387195 0.998701 0.0331336 1.33967 -0.0724033 0.0358753 -0.99673 32.1207 
-0.99645 0.036509 0.0758644 -1.34766 0.0391204 0.998682 0.0332261 1.35447 -0.0745514 0.036076 -0.996564 31.4914 
-0.996203 0.0384265 0.0781264 -1.30032 0.041201 0.998565 0.0342161 1.36482 -0.0766995 0.0373051 -0.996356 30.8695 
-0.996016 0.0395009 0.079947 -1.24673 0.0423294 0.998525 0.0339991 1.37636 -0.0784861 0.0372478 -0.996219 30.2556 
-0.995857 0.0390912 0.0821051 -1.19609 0.0419772 0.998549 0.0337224 1.38562 -0.0806677 0.0370292 -0.996053 29.6476 
-0.995731 0.0395003 0.0834282 -1.13907 0.0423969 0.998548 0.0332377 1.39611 -0.0819941 0.0366329 -0.995959 29.0505 
-0.995629 0.0395141 0.0846317 -1.08478 0.0424453 0.99855 0.0331196 1.40686 -0.0832002 0.0365671 -0.995862 28.4616 
-0.995582 0.0391879 0.0853231 -1.03212 0.0421529 0.998558 0.0332294 1.41652 -0.0838979 0.0366792 -0.995799 27.8833 
-0.995599 0.0388201 0.085298 -0.980327 0.0417595 0.998584 0.0329498 1.42641 -0.0838981 0.0363668 -0.995811 27.3149 
-0.995634 0.0381256 0.0852075 -0.926938 0.0410507 0.998617 0.0328433 1.43382 -0.0838375 0.0361977 -0.995822 26.7514 
-0.995681 0.036567 0.0853378 -0.87443 0.0395044 0.998675 0.0329896 1.44161 -0.0840184 0.0362184 -0.995806 26.1956 
-0.995732 0.0352755 0.0852833 -0.82182 0.0382246 0.998718 0.0331973 1.45151 -0.0840029 0.0363156 -0.995804 25.645 
-0.995776 0.0348953 0.0849217 -0.773724 0.0378069 0.998743 0.0329221 1.4579 -0.0836661 0.0359936 -0.995844 25.104 
-0.995792 0.0359964 0.0842811 -0.72871 0.038733 0.998767 0.0310619 1.46419 -0.083059 0.0341957 -0.995958 24.5673 
-0.995891 0.0359595 0.0831147 -0.682454 0.0385432 0.998816 0.029692 1.47263 -0.0819485 0.0327735 -0.996098 24.0423 
-0.996045 0.0352415 0.081564 -0.6411 0.0378678 0.998806 0.0308789 1.4828 -0.0803784 0.0338454 -0.99619 23.5248 
-0.996363 0.0307405 0.0794738 -0.591291 0.0335339 0.998857 0.0340561 1.49446 -0.0783361 0.0365973 -0.996255 23.0161 
-0.996591 0.0271562 0.0779039 -0.545963 0.0301164 0.998858 0.0370784 1.50684 -0.076808 0.0392982 -0.996271 22.5207 
-0.996589 0.0280892 0.0775956 -0.511796 0.0313321 0.998672 0.0408966 1.5143 -0.0763438 0.0431883 -0.996146 22.0429 
-0.996541 0.0298632 0.077553 -0.475511 0.0333267 0.998486 0.0437568 1.52423 -0.0761289 0.04619 -0.996028 21.5698 
-0.996446 0.0302652 0.0786132 -0.44158 0.0338941 0.998401 0.0452444 1.53186 -0.0771182 0.0477482 -0.995878 21.1195 
-0.996565 0.0266868 0.0783938 -0.399482 0.0302162 0.998566 0.0441858 1.54284 -0.0771022 0.0464028 -0.995943 20.6885 
-0.996694 0.0230332 0.0779192 -0.358627 0.0263898 0.998755 0.0423257 1.55257 -0.0768473 0.044242 -0.996061 20.2707 
-0.996716 0.0216863 0.0780145 -0.321136 0.0250324 0.998797 0.0421721 1.56313 -0.0770061 0.0439865 -0.99606 19.8603 
-0.996692 0.0230943 0.0779189 -0.292103 0.0265238 0.998711 0.0432696 1.5774 -0.0768192 0.0451932 -0.99602 19.4674 
-0.996659 0.0243326 0.0779631 -0.265368 0.0278691 0.998616 0.0445988 1.58884 -0.07677 0.0466226 -0.995958 19.0756 
-0.996659 0.0247588 0.0778315 -0.234859 0.0283006 0.998598 0.0447362 1.59689 -0.0766148 0.0467894 -0.995962 18.6914 
-0.996633 0.0244234 0.0782678 -0.200736 0.0279808 0.998609 0.0446822 1.60556 -0.0770677 0.0467218 -0.995931 18.3077 
-0.996528 0.0244231 0.079597 -0.165987 0.0280791 0.998586 0.0451411 1.61777 -0.0783819 0.0472193 -0.995805 17.9239 
-0.996405 0.025312 0.0808418 -0.136362 0.0290658 0.998537 0.0455999 1.62736 -0.0795693 0.0477858 -0.995683 17.549 
-0.996337 0.0258689 0.0815103 -0.105923 0.0296376 0.998531 0.0453701 1.63932 -0.0802168 0.0476196 -0.995639 17.178 
-0.996339 0.0259548 0.0814542 -0.0701837 0.0297018 0.998539 0.0451329 1.64821 -0.0801639 0.047387 -0.995655 16.7996 
-0.996338 0.0254273 0.0816276 -0.0380023 0.0291399 0.998579 0.0446176 1.65997 -0.0803771 0.0468328 -0.995664 16.4254 
-0.996247 0.027237 0.0821605 -0.0124233 0.0308056 0.998622 0.0424838 1.67268 -0.0808902 0.0448554 -0.995713 16.0554 
-0.996202 0.0286983 0.082204 0.0180048 0.0321407 0.998648 0.0408633 1.68784 -0.0809202 0.0433502 -0.995777 15.6858 
-0.996231 0.0287675 0.0818326 0.0515644 0.0322068 0.998639 0.0410233 1.70187 -0.0805411 0.0435043 -0.995801 15.3099 
-0.996296 0.0287271 0.0810487 0.0843909 0.0321175 0.998649 0.0408419 1.71495 -0.079766 0.0432937 -0.995873 14.9361 
-0.996392 0.0295938 0.0795441 0.114269 0.0328531 0.99866 0.0399839 1.7272 -0.0782542 0.0424529 -0.996029 14.552 
-0.996498 0.0316664 0.0773846 0.14185 0.0346147 0.998713 0.03706 1.73287 -0.0761115 0.0396089 -0.996312 14.1625 
-0.996614 0.0316773 0.0758767 0.171923 0.0341395 0.998924 0.0313757 1.73651 -0.0748012 0.0338599 -0.996623 13.7704 
-0.996695 0.0312666 0.0749736 0.201744 0.0336005 0.998983 0.0300727 1.74351 -0.073957 0.0324924 -0.996732 13.3721 
-0.996733 0.0313495 0.0744301 0.232219 0.0337557 0.99894 0.0312928 1.75232 -0.0733702 0.033703 -0.996735 12.9602 
-0.996773 0.0311255 0.0739871 0.264232 0.0335458 0.998934 0.0316978 1.77002 -0.0729216 0.0340775 -0.996755 12.5451 
-0.996786 0.0311547 0.0738052 0.296906 0.0334919 0.998969 0.0306429 1.78455 -0.0727744 0.0330163 -0.996802 12.1251 
-0.996768 0.0317544 0.0737974 0.327608 0.0340063 0.998987 0.0294609 1.80382 -0.0727871 0.0318752 -0.996838 11.7037 
-0.996765 0.0318457 0.0737917 0.356996 0.0343202 0.998882 0.0325121 1.8075 -0.0726739 0.0349394 -0.996744 11.2724 
-0.996899 0.0289312 0.0731859 0.3958 0.0315733 0.998881 0.0352054 1.81283 -0.0720855 0.037407 -0.996697 10.8448 
-0.996942 0.0282907 0.0728482 0.429119 0.030803 0.998961 0.0335976 1.82024 -0.071822 0.0357388 -0.996777 10.4117 
-0.996914 0.0293009 0.0728275 0.45968 0.0316124 0.999026 0.0307918 1.83539 -0.0718543 0.0329991 -0.996869 9.97841 
-0.996916 0.0305454 0.0722836 0.492204 0.0326895 0.999054 0.0286675 1.84388 -0.0713396 0.030942 -0.996972 9.53213 
-0.996958 0.029901 0.0719824 0.526026 0.0319307 0.99912 0.0272131 1.85584 -0.0711053 0.0294287 -0.997035 9.08042 
-0.997014 0.0292416 0.0714737 0.560898 0.0312556 0.999141 0.0272235 1.86316 -0.0706163 0.0293761 -0.997071 8.62135 
-0.997113 0.0280265 0.0705648 0.595259 0.0299939 0.999186 0.026977 1.87325 -0.0697512 0.0290157 -0.997142 8.15044 
-0.997218 0.0277154 0.0692013 0.630301 0.029695 0.999174 0.027743 1.87826 -0.0683752 0.0297208 -0.997217 7.68256 
-0.997293 0.0276843 0.0681207 0.664841 0.0297031 0.999144 0.028802 1.88529 -0.067265 0.0307474 -0.997261 7.21132 
-0.99737 0.0275423 0.0670352 0.69768 0.0295317 0.999147 0.0288686 1.89315 -0.0661829 0.0307724 -0.997333 6.73467 
-0.997442 0.0287093 0.0654649 0.732594 0.0306739 0.999103 0.0292048 1.90291 -0.0645677 0.0311382 -0.997427 6.24948 
-0.997462 0.0307678 0.0642163 0.760304 0.0326823 0.999046 0.0289799 1.90833 -0.0632633 0.0310051 -0.997515 5.76955 
-0.997542 0.0302871 0.0631918 0.793544 0.0321824 0.999056 0.0291934 1.92033 -0.062248 0.0311553 -0.997574 5.29081 
-0.997641 0.0296061 0.0619362 0.826648 0.0314907 0.999063 0.0296768 1.92909 -0.0609995 0.0315572 -0.997639 4.81375 
-0.997748 0.0284136 0.0607524 0.85875 0.0303055 0.999077 0.0304497 1.93817 -0.0598311 0.0322223 -0.997688 4.34272 
-0.997805 0.0285988 0.0597189 0.890724 0.0304903 0.999054 0.0310062 1.94693 -0.0587756 0.032759 -0.997734 3.87141 
-0.997815 0.0300725 0.0588338 0.917313 0.0319276 0.999014 0.0308487 1.95716 -0.0578481 0.0326597 -0.997791 3.40017 
-0.997813 0.0323802 0.0576172 0.94187 0.03427 0.998896 0.0321178 1.9582 -0.0565137 0.0340221 -0.997822 2.93382 
-0.997872 0.0337996 0.0557583 0.964636 0.035609 0.99886 0.0317818 1.96677 -0.0546206 0.0336997 -0.997938 2.47154 
-0.997969 0.0331945 0.0543734 0.99109 0.0348769 0.998933 0.0302895 1.979 -0.0533099 0.0321243 -0.998061 2.01611 
-0.998073 0.0321108 0.0530914 1.01804 0.0336604 0.999025 0.0285556 1.98338 -0.0521227 0.0302877 -0.998181 1.56454 
-0.998231 0.0304526 0.0510608 1.04499 0.0318126 0.999155 0.0260367 1.9904 -0.0502248 0.0276151 -0.998356 1.11168 
-0.998313 0.0307394 0.0492587 1.06593 0.0320241 0.999162 0.0255078 1.99495 -0.0484333 0.0270422 -0.99846 0.668268 
-0.998329 0.0326836 0.047663 1.07682 0.0339336 0.999095 0.0256582 2.00564 -0.0467813 0.0272327 -0.998534 0.222818 
-0.998331 0.0356568 0.0454264 1.09301 0.0368735 0.998976 0.026233 2.0147 -0.0444445 0.0278642 -0.998623 -0.21892 
-0.998428 0.0366553 0.0424002 1.10855 0.0377856 0.998943 0.0261715 2.0209 -0.041396 0.0277325 -0.998758 -0.653058 
-0.998648 0.0354934 0.0379919 1.12511 0.0364506 0.999028 0.0248072 2.02171 -0.0370745 0.0261585 -0.99897 -1.08242 
-0.998986 0.0309777 0.0326557 1.13993 0.0317838 0.999195 0.0244617 2.0229 -0.0318717 0.0254748 -0.999167 -1.50446 
