   0.0000000    0.0000000    0.0000000    1.0000000 
  -0.0061676   -0.0088301    0.1954603    1.0000000 
  -0.0084212   -0.0213583    0.3907930    1.0000000 
  -0.0090776   -0.0342963    0.5798511    1.0000000 
  -0.0128161   -0.0430619    0.7705245    1.0000000 
  -0.0143008   -0.0550503    0.9356905    1.0000000 
  -0.0141920   -0.0687688    1.1053846    1.0000000 
  -0.0073332   -0.0848922    1.2635946    1.0000000 
  -0.0036565   -0.0899475    1.4494990    1.0000000 
   0.0043155   -0.1087270    1.6138007    1.0000000 
   0.0179520   -0.1202182    1.7793491    1.0000000 
   0.0315437   -0.1345569    1.9489999    1.0000000 
   0.0483698   -0.1455317    2.1160853    1.0000000 
   0.0691017   -0.1660768    2.2527709    1.0000000 
   0.0936385   -0.1850330    2.3961419    1.0000000 
   0.1200344   -0.1915154    2.5514304    1.0000000 
   0.1448042   -0.1957895    2.7074537    1.0000000 
   0.1790303   -0.2044492    2.8529912    1.0000000 
   0.2195365   -0.2122081    3.0074811    1.0000000 
   0.2671617   -0.2278686    3.1427428    1.0000000 
   0.3224381   -0.2326957    3.3059638    1.0000000 
   0.3857948   -0.2424780    3.4606642    1.0000000 
   0.4474518   -0.2571336    3.6073103    1.0000000 
   0.5143104   -0.2725862    3.7434759    1.0000000 
   0.5941982   -0.2832490    3.8850369    1.0000000 
   0.6842100   -0.2863017    4.0163965    1.0000000 
   0.7870024   -0.2921742    4.1581420    1.0000000 
   0.8932229   -0.2922564    4.2983113    1.0000000 
   1.0079438   -0.2940789    4.4338801    1.0000000 
   1.1292950   -0.3014956    4.5551746    1.0000000 
   1.2528658   -0.3113129    4.6748448    1.0000000 
   1.3948763   -0.3199861    4.7964894    1.0000000 
   1.5315736   -0.3295888    4.9068027    1.0000000 
   1.6812393   -0.3318164    5.0242251    1.0000000 
   1.8443168   -0.3329536    5.1369019    1.0000000 
   2.0129032   -0.3289390    5.2478659    1.0000000 
   2.1942599   -0.3279831    5.3496894    1.0000000 
   2.3686924   -0.3342357    5.4345945    1.0000000 
   2.5720943   -0.3375725    5.5198498    1.0000000 
   2.7574460   -0.3463493    5.6016079    1.0000000 
   2.9730338   -0.3381397    5.6822437    1.0000000 
   3.1929683   -0.3247792    5.7571382    1.0000000 
   3.4115976   -0.3166113    5.8197510    1.0000000 
   3.6308966   -0.3155199    5.8727126    1.0000000 
   3.8745161   -0.3161373    5.9146027    1.0000000 
   4.1123782   -0.3269284    5.9407318    1.0000000 
   4.3669015   -0.3264854    5.9649787    1.0000000 
   4.6186621   -0.3254740    5.9815068    1.0000000 
   4.8610552   -0.3349671    5.9936119    1.0000000 
   5.1491552   -0.3350349    6.0046365    1.0000000 
   5.4128004   -0.3458150    5.9881045    1.0000000 
   5.6688258   -0.3408735    5.9562122    1.0000000 
   5.9245098   -0.3513063    5.9134015    1.0000000 
   6.2222814   -0.3520293    5.8527048    1.0000000 
   6.5244899   -0.3531564    5.7982666    1.0000000 
   6.8417539   -0.3503475    5.7435655    1.0000000 
   7.1661574   -0.3498085    5.6757304    1.0000000 
   7.4749451   -0.3587978    5.5861630    1.0000000 
   7.7798071   -0.3696484    5.4907610    1.0000000 
   8.1244686   -0.3767854    5.3782130    1.0000000 
   8.4336370   -0.3806724    5.2784052    1.0000000 
   8.7746450   -0.3832454    5.1659347    1.0000000 
   9.0960731   -0.3853611    5.0722791    1.0000000 
   9.4686392   -0.3753003    4.9515124    1.0000000 
   9.8360807   -0.3849285    4.8144793    1.0000000 
  10.2095309   -0.3903246    4.6796458    1.0000000 
  10.5893258   -0.3783305    4.5391352    1.0000000 
  10.9422292   -0.3780145    4.4113725    1.0000000 
  11.3200661   -0.3860223    4.2614350    1.0000000 
  11.6900265   -0.3918867    4.1138911    1.0000000 
  12.0922987   -0.3977352    3.9463709    1.0000000 
  12.4574281   -0.3959264    3.7859424    1.0000000 
  12.8345556   -0.4024175    3.6181107    1.0000000 
  13.2170009   -0.4098011    3.4502997    1.0000000 
  13.5906992   -0.4075856    3.2904464    1.0000000 
  13.9566507   -0.4147505    3.1212982    1.0000000 
  14.3239214   -0.4090571    2.9662639    1.0000000 
  14.6960550   -0.4078111    2.7984714    1.0000000 
  15.0864804   -0.4084299    2.6187966    1.0000000 
  15.4919334   -0.4086029    2.4195890    1.0000000 
  15.8967743   -0.3988781    2.2184603    1.0000000 
  16.2786270   -0.3983078    2.0402568    1.0000000 
  16.6766081   -0.3978920    1.8406955    1.0000000 
  17.0425200   -0.4026846    1.6655769    1.0000000 
  17.4620280   -0.4059748    1.4520766    1.0000000 
  17.8529475   -0.4039330    1.2779507    1.0000000 
  18.1767081   -0.4175344    1.1131079    1.0000000 
  18.5934743   -0.4260524    0.9004298    1.0000000 
  18.8678220   -0.4235661    0.7472569    1.0000000 
  19.2269452   -0.4340016    0.5816744    1.0000000 
  19.5776222   -0.4425991    0.4164120    1.0000000 
  20.0100631   -0.4384517    0.2027835    1.0000000 
  20.3193024   -0.4268753    0.0351619    1.0000000 
  20.6541262   -0.4375820   -0.1143133    1.0000000 
  21.0432167   -0.4491926   -0.3079611    1.0000000 
  21.3150713   -0.4668271   -0.4700069    1.0000000 
  21.5580239   -0.4586194   -0.6203955    1.0000000 
  21.8540637   -0.4451199   -0.7741223    1.0000000 
  22.2835421   -0.4499432   -0.9407089    1.0000000 
  22.6355808   -0.4316718   -1.1087631    1.0000000 
  23.0403809   -0.4359953   -1.3049558    1.0000000 
  23.4141106   -0.4507735   -1.5090300    1.0000000 
  23.8082370   -0.4685484   -1.6867881    1.0000000 
  24.1882181   -0.4775678   -1.8399185    1.0000000 
  24.5959949   -0.4829714   -2.0113642    1.0000000 
  24.9984151   -0.4821946   -2.2091525    1.0000000 
  25.4222195   -0.4786567   -2.4168364    1.0000000 
  25.8179198   -0.4849036   -2.6045530    1.0000000 
  26.2201325   -0.4808390   -2.8033510    1.0000000 
  26.4705694   -0.4661477   -2.8981738    1.0000000 
  26.7342383   -0.4937593   -2.9826303    1.0000000 
  27.0485705   -0.4893195   -3.1601267    1.0000000 
  27.2965118   -0.4888300   -3.2365529    1.0000000 
  27.5889747   -0.5084408   -3.3543798    1.0000000 
  27.9872893   -0.5040786   -3.5519390    1.0000000 
  28.3013487   -0.5148843   -3.6801105    1.0000000 
  28.7051752   -0.5083404   -3.8890675    1.0000000 
  29.1036917   -0.5044916   -4.0876548    1.0000000 
  29.5183657   -0.4943826   -4.2922396    1.0000000 
  29.9239948   -0.4879915   -4.4879111    1.0000000 
  30.2832929   -0.4990515   -4.6820349    1.0000000 
  30.5490284   -0.5181511   -4.8184248    1.0000000 
  30.8749428   -0.5325166   -4.9907117    1.0000000 
  31.1382471   -0.5329007   -5.1000202    1.0000000 
  31.4409798   -0.5536522   -5.2388300    1.0000000 
  31.7436661   -0.5523229   -5.3772393    1.0000000 
  32.1457444   -0.5485529   -5.5933703    1.0000000 
  32.4847283   -0.5458758   -5.7672454    1.0000000 
  32.8130747   -0.5491392   -5.9421251    1.0000000 
  33.1921127   -0.5558044   -6.1489287    1.0000000 
  33.4574241   -0.5841506   -6.2725341    1.0000000 
  33.8235172   -0.5783696   -6.4549939    1.0000000 
  34.1822826   -0.5805094   -6.6374235    1.0000000 
  34.5434440   -0.5917015   -6.8334268    1.0000000 
  34.9531075   -0.5818145   -7.0395931    1.0000000 
  35.2768646   -0.5853239   -7.2026546    1.0000000 
  35.6499012   -0.5783263   -7.3986128    1.0000000 
  36.0144242   -0.5782344   -7.5748055    1.0000000 
  36.3371571   -0.5843857   -7.7083014    1.0000000 
  36.7068163   -0.5792311   -7.8862944    1.0000000 
  37.1162068   -0.5762603   -8.0906529    1.0000000 
  37.4890409   -0.5864708   -8.2744566    1.0000000 
  37.8161705   -0.5863580   -8.4302161    1.0000000 
  38.2110193   -0.5706696   -8.6187481    1.0000000 
  38.5870934   -0.5640123   -8.7955598    1.0000000 
  38.9627892   -0.5695562   -8.9618155    1.0000000 
  39.3258164   -0.5620087   -9.1248778    1.0000000 
  39.7069824   -0.5657666   -9.2936789    1.0000000 
  40.1087277   -0.5658111   -9.4651985    1.0000000 
  40.5034553   -0.5686281   -9.6334986    1.0000000 
  40.8874586   -0.5728172   -9.7922880    1.0000000 
  41.2935058   -0.5737982   -9.9643716    1.0000000 
  41.7161772   -0.5728997  -10.1359034    1.0000000 
  42.1301498   -0.5684325  -10.2993339    1.0000000 
  42.5111555   -0.5743660  -10.4538726    1.0000000 
  42.8845186   -0.5789684  -10.5916976    1.0000000 
  43.2815656   -0.5809688  -10.7407755    1.0000000 
  43.7026037   -0.5786294  -10.9006987    1.0000000 
  44.0956826   -0.5786007  -11.0319898    1.0000000 
  44.4900487   -0.5863304  -11.1623815    1.0000000 
  44.9089352   -0.6006161  -11.2978029    1.0000000 
  45.3124179   -0.6026176  -11.4261886    1.0000000 
  45.7006152   -0.6069395  -11.5458323    1.0000000 
  46.1064631   -0.6075171  -11.6508284    1.0000000 
  46.5171675   -0.6162285  -11.7635214    1.0000000 
  46.9128730   -0.6333721  -11.8606164    1.0000000 
  47.3051146   -0.6633920  -11.9455903    1.0000000 
  47.7124635   -0.6757075  -12.0267615    1.0000000 
  48.0895668   -0.6895888  -12.1021519    1.0000000 
  48.5110864   -0.6980659  -12.1895283    1.0000000 
  48.9254047   -0.6938555  -12.2609614    1.0000000 
  49.3319311   -0.7085361  -12.3257327    1.0000000 
  49.7151101   -0.7393856  -12.3726612    1.0000000 
  50.0969476   -0.7600852  -12.4080709    1.0000000 
  50.4991937   -0.7704965  -12.4472358    1.0000000 
  50.8925642   -0.7901726  -12.4852423    1.0000000 
  51.3149211   -0.8059023  -12.5079878    1.0000000 
  51.7236406   -0.8327067  -12.5330507    1.0000000 
  52.0710529   -0.8550746  -12.5344863    1.0000000 
  52.4351097   -0.8581972  -12.5341738    1.0000000 
  52.8027397   -0.8733666  -12.5151049    1.0000000 
  53.1836022   -0.8901280  -12.5029632    1.0000000 
  53.5044933   -0.8704617  -12.4628415    1.0000000 
  53.8820628   -0.8677828  -12.4361788    1.0000000 
  54.2151529   -0.8676005  -12.3724186    1.0000000 
  54.5992862   -0.8798030  -12.3164467    1.0000000 
  54.9422010   -0.8843661  -12.2579491    1.0000000 
  55.2860551   -0.8997164  -12.1778858    1.0000000 
  55.6835460   -0.8873455  -12.0960910    1.0000000 
  56.0555851   -0.8869179  -12.0052844    1.0000000 
  56.4402007   -0.8993151  -11.9049930    1.0000000 
  56.8156781   -0.9026204  -11.8012320    1.0000000 
  57.1732765   -0.9082555  -11.6955670    1.0000000 
  57.5398516   -0.9214751  -11.5703912    1.0000000 
  57.9325813   -0.9111285  -11.4400397    1.0000000 
  58.3157882   -0.9108516  -11.3033648    1.0000000 
  58.7387596   -0.9087984  -11.1505621    1.0000000 
  59.0164760   -0.9437118  -11.0141993    1.0000000 
  59.2592726   -0.9591146  -10.8225307    1.0000000 
  59.5814392   -0.9889877  -10.6699690    1.0000000 
  59.9210321   -1.0003908  -10.5019823    1.0000000 
  60.1916931   -0.9945892  -10.3314266    1.0000000 
  60.5284898   -0.9937537  -10.1526727    1.0000000 
  60.8418349   -0.9966339   -9.9628368    1.0000000 
  61.1985356   -0.9922352   -9.7557323    1.0000000 
  61.5390271   -1.0007512   -9.5376464    1.0000000 
  61.8485449   -1.0048717   -9.3053664    1.0000000 
  62.1600669   -0.9952944   -9.0911956    1.0000000 
  62.4623831   -1.0238497   -8.8643098    1.0000000 
  62.8206434   -1.0056043   -8.5941263    1.0000000 
  63.1448515   -0.9970547   -8.3363040    1.0000000 
  63.4211227   -1.0007362   -8.0855439    1.0000000 
  63.7375474   -0.9902343   -7.8106266    1.0000000 
  64.0053899   -0.9825010   -7.5653885    1.0000000 
  64.2542951   -0.9917813   -7.3140681    1.0000000 
  64.5220911   -0.9888955   -7.0378052    1.0000000 
  64.7913483   -0.9766858   -6.7565358    1.0000000 
  65.0625017   -0.9625798   -6.4620723    1.0000000 
  65.3036109   -0.9585730   -6.1761323    1.0000000 
  65.5786612   -0.9434719   -5.8490765    1.0000000 
  65.8282080   -0.9323033   -5.5418129    1.0000000 
  66.0503780   -0.9345067   -5.2692355    1.0000000 
  66.2763180   -0.9271153   -4.9814924    1.0000000 
  66.5453811   -0.9040600   -4.6288178    1.0000000 
  66.7724420   -0.8873690   -4.3021050    1.0000000 
  67.0127746   -0.8654930   -3.9557847    1.0000000 
  67.1961890   -0.8591470   -3.6705253    1.0000000 
  67.4210925   -0.8314318   -3.3237934    1.0000000 
  67.6427997   -0.8206211   -2.9702998    1.0000000 
  67.8513467   -0.8052843   -2.6212649    1.0000000 
  68.0748565   -0.7838071   -2.2396640    1.0000000 
  68.2727797   -0.7753002   -1.8932725    1.0000000 
  68.4915820   -0.7565572   -1.5049486    1.0000000 
  68.6932444   -0.7377930   -1.1416328    1.0000000 
  68.9109926   -0.7187908   -0.7464268    1.0000000 
  69.1157493   -0.6995423   -0.3711449    1.0000000 
  69.3198317   -0.6830413    0.0171575    1.0000000 
  69.5231182   -0.6727711    0.4057565    1.0000000 
  69.7070786   -0.6609919    0.7844649    1.0000000 
  69.8928194   -0.6463816    1.1633230    1.0000000 
  70.0374612   -0.6416496    1.4667629    1.0000000 
  70.2259880   -0.6252430    1.8474040    1.0000000 
  70.4220635   -0.6045621    2.2442116    1.0000000 
  70.5453783   -0.6050243    2.5349632    1.0000000 
  70.7457197   -0.5861137    2.9430659    1.0000000 
  70.9023494   -0.5852098    3.2684109    1.0000000 
  71.0394030   -0.5921376    3.5509366    1.0000000 
  71.2091439   -0.6127098    3.8222169    1.0000000 
  71.3543463   -0.6321739    4.0985925    1.0000000 
  71.5231472   -0.6674840    4.4066128    1.0000000 
  71.6824625   -0.6690214    4.7047335    1.0000000 
  71.8426646   -0.6602416    4.9928723    1.0000000 
  72.0304832   -0.6578405    5.3221199    1.0000000 
  72.1980011   -0.6835502    5.6592958    1.0000000 
  72.3518143   -0.6879653    6.0000417    1.0000000 
  72.5255405   -0.6852747    6.3839889    1.0000000 
  72.7023398   -0.6678025    6.7669623    1.0000000 
  72.8868581   -0.6459508    7.1511793    1.0000000 
  73.0581720   -0.6397755    7.5093908    1.0000000 
  73.1803261   -0.6434084    7.8169208    1.0000000 
  73.3496090   -0.6401523    8.1823999    1.0000000 
  73.5054520   -0.6342179    8.4895699    1.0000000 
  73.6711604   -0.6226122    8.8293370    1.0000000 
  73.8578197   -0.6186883    9.2062700    1.0000000 
  74.0085886   -0.6167210    9.5365923    1.0000000 
  74.1838834   -0.6432631    9.8504382    1.0000000 
  74.3680694   -0.6347441   10.2358394    1.0000000 
  74.5544552   -0.6132320   10.6602974    1.0000000 
  74.6920525   -0.6090555   10.9546724    1.0000000 
  74.8822453   -0.6026639   11.3781556    1.0000000 
  75.0707269   -0.5931436   11.7946816    1.0000000 
  75.2173079   -0.6008931   12.1118472    1.0000000 
  75.4125375   -0.5978146   12.5473703    1.0000000 
  75.5770904   -0.5775093   12.9459896    1.0000000 
  75.7321806   -0.5801055   13.2915257    1.0000000 
  75.9090802   -0.5739892   13.7079088    1.0000000 
  76.0785186   -0.5877567   14.0505149    1.0000000 
  76.1969279   -0.5904475   14.3485459    1.0000000 
  76.3578449   -0.5804043   14.7048990    1.0000000 
  76.5145203   -0.5672465   15.0491966    1.0000000 
  76.7143233   -0.5646253   15.4907807    1.0000000 
  76.8836636   -0.5453610   15.8708258    1.0000000 
  77.0653022   -0.5315883   16.2652536    1.0000000 
  77.2858357   -0.5163304   16.7306682    1.0000000 
  77.4818335   -0.5152661   17.1500756    1.0000000 
  77.6444951   -0.5166097   17.4552921    1.0000000 
  77.8208941   -0.4999895   17.8176278    1.0000000 
  77.9408356   -0.4857992   18.0815973    1.0000000 
  78.1226447   -0.4834311   18.4722831    1.0000000 
  78.2507225   -0.5011416   18.7803092    1.0000000 
  78.4785270   -0.4926366   19.2258674    1.0000000 
  78.6501220   -0.5041258   19.5458203    1.0000000 
  78.8533471   -0.5000156   19.9756014    1.0000000 
  79.0313921   -0.5110122   20.3072394    1.0000000 
  79.2038186   -0.5214708   20.6628549    1.0000000 
  79.3637814   -0.5122501   21.0282353    1.0000000 
  79.5204299   -0.5128843   21.3853980    1.0000000 
  79.6918117   -0.4993427   21.7298423    1.0000000 
  79.8765795   -0.5083961   22.1101274    1.0000000 
  80.0511644   -0.4956358   22.4663754    1.0000000 
  80.1620618   -0.5054800   22.7494163    1.0000000 
  80.3388435   -0.5072050   23.1021159    1.0000000 
  80.5345032   -0.5122301   23.5158270    1.0000000 
  80.7474910   -0.5383724   23.9038399    1.0000000 
  80.8916918   -0.5256827   24.2257770    1.0000000 
  81.0759497   -0.5247685   24.6072746    1.0000000 
  81.2338381   -0.5291051   24.9221677    1.0000000 
  81.4445635   -0.5257687   25.3383466    1.0000000 
  81.6059173   -0.5117848   25.6761808    1.0000000 
  81.8021154   -0.5151765   26.0666612    1.0000000 
  81.9590923   -0.5198066   26.4090204    1.0000000 
  82.1421633   -0.5130380   26.7880710    1.0000000 
  82.3072633   -0.5120049   27.1235691    1.0000000 
  82.5253738   -0.5136421   27.5720550    1.0000000 
  82.7128820   -0.5144230   27.9271348    1.0000000 
  82.9203108   -0.5022537   28.3098601    1.0000000 
  83.1085002   -0.5250105   28.7223424    1.0000000 
  83.2799352   -0.5269051   29.0953926    1.0000000 
  83.5138746   -0.5219926   29.5726775    1.0000000 
  83.7178139   -0.5161095   29.9485455    1.0000000 
  83.9566251   -0.5168673   30.4376976    1.0000000 
  84.1506344   -0.5141027   30.7950504    1.0000000 
  84.3259364   -0.5171560   31.1701800    1.0000000 
  84.5424762   -0.5226633   31.6297035    1.0000000 
  84.7301862   -0.5340604   32.0107058    1.0000000 
  84.8919687   -0.5392431   32.3948218    1.0000000 
  85.0996767   -0.5549193   32.7970002    1.0000000 
  85.3397478   -0.5498251   33.2911668    1.0000000 
  85.4809078   -0.5438786   33.6376757    1.0000000 
  85.6187027   -0.5456307   33.9865287    1.0000000 
  85.8409561   -0.5614386   34.4526338    1.0000000 
  86.0077409   -0.5797914   34.8305516    1.0000000 
  86.2386371   -0.5823101   35.2999185    1.0000000 
  86.4602112   -0.5934418   35.7260391    1.0000000 
  86.6721429   -0.5986341   36.1629080    1.0000000 
  86.8432567   -0.6047934   36.5411791    1.0000000 
  87.0706745   -0.6014063   36.9941808    1.0000000 
  87.3075514   -0.6091050   37.4570671    1.0000000 
  87.4523119   -0.6161579   37.7716760    1.0000000 
  87.6684303   -0.6267693   38.2228559    1.0000000 
  87.8499141   -0.6599216   38.5826179    1.0000000 
  88.0564677   -0.6667814   39.0252233    1.0000000 
  88.2326831   -0.6658539   39.3470129    1.0000000 
  88.4680441   -0.6768655   39.8102716    1.0000000 
  88.6676804   -0.6961009   40.2129871    1.0000000 
  88.8426545   -0.7131280   40.5959894    1.0000000 
  89.0364986   -0.7249582   41.0029715    1.0000000 
  89.2478631   -0.7416174   41.4368548    1.0000000 
  89.4569983   -0.7551121   41.8599521    1.0000000 
  89.6452063   -0.7661986   42.2559019    1.0000000 
  89.7934149   -0.7898770   42.5818916    1.0000000 
  89.9323304   -0.7806889   42.9243116    1.0000000 
  90.0814968   -0.8177690   43.2613515    1.0000000 
  90.2423446   -0.8385357   43.6376148    1.0000000 
  90.4372790   -0.8501172   44.0384720    1.0000000 
  90.6615553   -0.8617913   44.4941609    1.0000000 
  90.8433178   -0.8881966   44.8803457    1.0000000 
  91.0001739   -0.9073136   45.2186925    1.0000000 
  91.1397820   -0.9192600   45.5395330    1.0000000 
  91.3208898   -0.9310461   45.9345023    1.0000000 
  91.4722225   -0.9443999   46.2444633    1.0000000 
  91.6556556   -0.9653826   46.5669987    1.0000000 
  91.8459411   -0.9854754   46.9455015    1.0000000 
  92.0164757   -0.9911543   47.2752499    1.0000000 
  92.2198751   -1.0043469   47.6975528    1.0000000 
  92.3866947   -1.0268169   48.0330122    1.0000000 
  92.5479503   -1.0434051   48.3915864    1.0000000 
  92.7548427   -1.0573789   48.8017266    1.0000000 
  92.8884797   -1.0797228   49.1065525    1.0000000 
  93.0709032   -1.0893410   49.4743703    1.0000000 
  93.2474786   -1.1030767   49.8424041    1.0000000 
  93.4429465   -1.1127244   50.2471414    1.0000000 
  93.6381086   -1.1276474   50.6522673    1.0000000 
  93.8152404   -1.1433572   51.0030653    1.0000000 
  94.0059905   -1.1548288   51.3932849    1.0000000 
  94.1569745   -1.1672908   51.6963522    1.0000000 
  94.3395052   -1.1901400   52.0469411    1.0000000 
  94.4881415   -1.2182552   52.3453349    1.0000000 
  94.6360227   -1.2299906   52.6508812    1.0000000 
  94.8423352   -1.2436246   53.0443735    1.0000000 
  94.9952370   -1.2580893   53.3881610    1.0000000 
  95.1773088   -1.2685864   53.7531527    1.0000000 
  95.3643918   -1.2935736   54.0758317    1.0000000 
  95.5353688   -1.3002516   54.4275798    1.0000000 
  95.7287981   -1.3202513   54.8261731    1.0000000 
  95.9004464   -1.3443120   55.1929462    1.0000000 
  96.0697506   -1.3610941   55.5522292    1.0000000 
  96.2629682   -1.3858772   55.9450085    1.0000000 
  96.4276706   -1.4050365   56.2420405    1.0000000 
  96.5533765   -1.4290180   56.5367162    1.0000000 
  96.6741333   -1.4634005   56.8083833    1.0000000 
  96.8258739   -1.4981132   57.1517644    1.0000000 
  97.0069263   -1.5455356   57.4914271    1.0000000 
  97.1634891   -1.5643204   57.8194082    1.0000000 
  97.2568593   -1.5900967   58.0816373    1.0000000 
  97.3575908   -1.6270303   58.3446957    1.0000000 
  97.5518889   -1.6438983   58.7332356    1.0000000 
  97.7368205   -1.6632631   59.1072959    1.0000000 
  97.8729793   -1.6800231   59.3975081    1.0000000 
  98.0352559   -1.6936339   59.7731847    1.0000000 
  98.2183456   -1.7046597   60.1529551    1.0000000 
  98.4007876   -1.7446726   60.4390876    1.0000000 
  98.5682319   -1.7697981   60.7187491    1.0000000 
  98.7547746   -1.7855653   61.1088492    1.0000000 
  98.9422926   -1.7992193   61.4580201    1.0000000 
  99.1350389   -1.8102213   61.8441657    1.0000000 
  99.3282445   -1.8231155   62.2306927    1.0000000 
  99.5186142   -1.8368335   62.6261912    1.0000000 
  99.7078648   -1.8546255   63.0050709    1.0000000 
  99.8826457   -1.8763815   63.3619352    1.0000000 
 100.0612574   -1.8806276   63.7452835    1.0000000 
 100.2473782   -1.8859407   64.1428463    1.0000000 
 100.4436013   -1.8834098   64.5343961    1.0000000 
 100.6208600   -1.8941597   64.8980532    1.0000000 
 100.7969267   -1.9012070   65.2592096    1.0000000 
 100.9867332   -1.8977051   65.6160906    1.0000000 
 101.1637548   -1.8985499   65.9830657    1.0000000 
 101.3524850   -1.9008753   66.3621139    1.0000000 
 101.5327907   -1.9031530   66.7153399    1.0000000 
 101.7002277   -1.9148242   67.0543185    1.0000000 
 101.8823490   -1.9180436   67.4098755    1.0000000 
 102.0614351   -1.9284134   67.7756875    1.0000000 
 102.2343196   -1.9408651   68.1209336    1.0000000 
 102.4122603   -1.9521665   68.4796286    1.0000000 
 102.5812570   -1.9607561   68.8256915    1.0000000 
 102.7515262   -1.9729878   69.1636322    1.0000000 
 102.9133520   -1.9889249   69.5010230    1.0000000 
 103.0779780   -1.9984055   69.8379145    1.0000000 
 103.2443856   -2.0136425   70.1663556    1.0000000 
 103.3998506   -2.0320282   70.4887970    1.0000000 
 103.5638780   -2.0419309   70.8260332    1.0000000 
 103.7228983   -2.0567014   71.1529398    1.0000000 
 103.8667501   -2.0751325   71.4610619    1.0000000 
 104.0172535   -2.0895218   71.7661574    1.0000000 
 104.1682889   -2.1029936   72.0597977    1.0000000 
 104.3055725   -2.1295566   72.3516443    1.0000000 
 104.4588860   -2.1446420   72.6639674    1.0000000 
 104.5980403   -2.1435162   72.9678434    1.0000000 
 104.7452426   -2.1557121   73.2706131    1.0000000 
 104.8914486   -2.1708836   73.5750489    1.0000000 
 105.0396332   -2.1823755   73.8686539    1.0000000 
 105.1795742   -2.1959089   74.1482341    1.0000000 
 105.3217065   -2.2072174   74.4296325    1.0000000 
 105.4631582   -2.2141318   74.7104308    1.0000000 
 105.5970433   -2.2190198   74.9698882    1.0000000 
 105.7263183   -2.2313058   75.2244736    1.0000000 
 105.8499806   -2.2409596   75.4714908    1.0000000 
 105.9737679   -2.2472306   75.7157332    1.0000000 
 106.0886136   -2.2569398   75.9404452    1.0000000 
 106.2032291   -2.2684612   76.1582600    1.0000000 
 106.3093441   -2.2827335   76.3627970    1.0000000 
 106.4029550   -2.2926729   76.5489787    1.0000000 
 106.4913970   -2.2997963   76.7246642    1.0000000 
 106.5680828   -2.3067269   76.8951781    1.0000000 
 106.6394470   -2.3163138   77.0483652    1.0000000 
 106.7113291   -2.3193342   77.1990664    1.0000000 
 106.7708754   -2.3226278   77.3241269    1.0000000 
 106.8314462   -2.3257400   77.4493440    1.0000000 
 106.8897193   -2.3330554   77.5644009    1.0000000 
 106.9452881   -2.3392178   77.6725404    1.0000000 
 106.9955511   -2.3472612   77.7789550    1.0000000 
 107.0391650   -2.3525254   77.8739068    1.0000000 
 107.0810383   -2.3588902   77.9617800    1.0000000 
 107.1218206   -2.3639216   78.0449609    1.0000000 
 107.1601712   -2.3681409   78.1233353    1.0000000 
 107.1909497   -2.3710906   78.1882463    1.0000000 
 107.2173656   -2.3770628   78.2475581    1.0000000 
 107.2462016   -2.3822916   78.3084895    1.0000000 
 107.2731533   -2.3851947   78.3624951    1.0000000 
 107.3036886   -2.3896010   78.4246515    1.0000000 
 107.3318132   -2.3911381   78.4953156    1.0000000 
 107.3622573   -2.3896736   78.5678560    1.0000000 
 107.3909229   -2.3903293   78.6453010    1.0000000 
 107.4169656   -2.3902037   78.7211364    1.0000000 
 107.4425016   -2.3906452   78.7979286    1.0000000 
 107.4844906   -2.3968857   78.8727481    1.0000000 
 107.5316117   -2.4074459   78.9322338    1.0000000 
 107.5937130   -2.4216498   78.9848226    1.0000000 
 107.6466169   -2.4328414   79.0414689    1.0000000 
 107.6842139   -2.4443668   79.1074627    1.0000000 
 107.6961988   -2.4524866   79.1735553    1.0000000 
 107.7015686   -2.4550135   79.2406330    1.0000000 
 107.7007759   -2.4589437   79.3060950    1.0000000 
 107.7178014   -2.4621989   79.3693805    1.0000000 
 107.7528327   -2.4697665   79.4333715    1.0000000 
 107.7933092   -2.4801460   79.4948288    1.0000000 
 107.8377751   -2.4852279   79.5587250    1.0000000 
 107.8734848   -2.4909078   79.6297492    1.0000000 
 107.9081387   -2.4959752   79.7107351    1.0000000 
 107.9313702   -2.5015342   79.7784515    1.0000000 
 107.9595258   -2.5079788   79.8502912    1.0000000 
 107.9935253   -2.5168716   79.9262002    1.0000000 
 108.0355191   -2.5273692   80.0154514    1.0000000 
 108.0772808   -2.5334991   80.0868611    1.0000000 
 108.1189064   -2.5458497   80.1713155    1.0000000 
 108.1565170   -2.5531127   80.2502845    1.0000000 
 108.1957622   -2.5596951   80.3373604    1.0000000 
 108.2323202   -2.5619474   80.4274786    1.0000000 
 108.2608862   -2.5655529   80.5089781    1.0000000 
 108.3130326   -2.5798415   80.5947945    1.0000000 
 108.3837944   -2.5990591   80.6834860    1.0000000 
 108.4524201   -2.6272000   80.7790816    1.0000000 
 108.5115440   -2.6495482   80.8779662    1.0000000 
 108.5483041   -2.6699134   80.9798944    1.0000000 
 108.5824249   -2.6776223   81.0881046    1.0000000 
 108.6181802   -2.6894072   81.1915765    1.0000000 
 108.6627841   -2.7031489   81.2896525    1.0000000 
 108.7280590   -2.7118549   81.3961959    1.0000000 
 108.7942885   -2.7301911   81.5011313    1.0000000 
 108.8660097   -2.7507527   81.6229114    1.0000000 
 108.9301616   -2.7796590   81.7470937    1.0000000 
 108.9953269   -2.8010515   81.8883739    1.0000000 
 109.0603146   -2.8246016   82.0303221    1.0000000 
 109.1328968   -2.8502141   82.1816169    1.0000000 
 109.2227983   -2.8756502   82.3406586    1.0000000 
 109.3090789   -2.9015002   82.5026113    1.0000000 
 109.4110648   -2.9352458   82.6788200    1.0000000 
 109.5015230   -2.9756395   82.8429143    1.0000000 
 109.5974855   -3.0084478   83.0223811    1.0000000 
 109.6990610   -3.0311824   83.2093220    1.0000000 
 109.7949393   -3.0653067   83.3941392    1.0000000 
 109.8908947   -3.1000806   83.5758588    1.0000000 
 109.9981532   -3.1282178   83.7632257    1.0000000 
 110.1062960   -3.1557425   83.9395547    1.0000000 
 110.1957735   -3.1940270   84.0931768    1.0000000 
 110.3011154   -3.2302150   84.2698473    1.0000000 
 110.4039063   -3.2611852   84.4386593    1.0000000 
 110.5067932   -3.2999141   84.5951156    1.0000000 
 110.6353182   -3.3342761   84.7670810    1.0000000 
 110.7671070   -3.3734501   84.9317828    1.0000000 
 110.8933441   -3.4120446   85.0933904    1.0000000 
 111.0176993   -3.4577982   85.2455956    1.0000000 
 111.1324245   -3.5066889   85.3972545    1.0000000 
 111.2670006   -3.5553473   85.5622529    1.0000000 
 111.4134620   -3.5982661   85.7177551    1.0000000 
 111.5777638   -3.6464380   85.8859205    1.0000000 
 111.7589964   -3.6888739   86.0516309    1.0000000 
 111.9372848   -3.7306188   86.2057567    1.0000000 
 112.1372378   -3.7781730   86.3530225    1.0000000 
 112.3358472   -3.8379787   86.4889234    1.0000000 
 112.5278857   -3.9032141   86.6031102    1.0000000 
 112.7424369   -3.9640503   86.7389255    1.0000000 
 112.9252254   -4.0242210   86.8671255    1.0000000 
 113.1519919   -4.0915012   87.0032117    1.0000000 
 113.3372954   -4.1551209   87.1202400    1.0000000 
 113.5647800   -4.2162402   87.2397805    1.0000000 
 113.7958554   -4.2749122   87.3386143    1.0000000 
 114.0343599   -4.3504721   87.4198378    1.0000000 
 114.2666557   -4.4268436   87.4909743    1.0000000 
 114.5178151   -4.4994396   87.5518763    1.0000000 
 114.7799393   -4.5733607   87.6067895    1.0000000 
 115.0511541   -4.6491405   87.6625308    1.0000000 
 115.3046004   -4.7179110   87.6963793    1.0000000 
 115.5866121   -4.7953361   87.7463701    1.0000000 
 115.8485532   -4.8771054   87.7741998    1.0000000 
 116.1612401   -4.9736770   87.7869412    1.0000000 
 116.4423441   -5.0398253   87.7881984    1.0000000 
 116.7501629   -5.1212819   87.7700290    1.0000000 
 117.0714341   -5.2106619   87.7577794    1.0000000 
 117.3884555   -5.2992425   87.7220805    1.0000000 
 117.6514114   -5.3702921   87.7137299    1.0000000 
 117.9822724   -5.4722787   87.6725788    1.0000000 
 118.3227106   -5.5651517   87.6309796    1.0000000 
 118.6395752   -5.6415452   87.6087506    1.0000000 
 118.9680240   -5.7253036   87.5633389    1.0000000 
 119.3306293   -5.8172284   87.5059110    1.0000000 
 119.6729890   -5.9013180   87.4456360    1.0000000 
 120.0111466   -5.9817325   87.3956395    1.0000000 
 120.3573340   -6.0780302   87.3285972    1.0000000 
 120.6822247   -6.1639522   87.2572987    1.0000000 
 121.0008026   -6.2564727   87.1898171    1.0000000 
 121.3580376   -6.3332701   87.1100867    1.0000000 
 121.7037350   -6.4193078   87.0238258    1.0000000 
 122.0430859   -6.5073954   86.9405648    1.0000000 
 122.3622103   -6.5699211   86.8702255    1.0000000 
 122.6678375   -6.6519666   86.8030177    1.0000000 
 123.0036039   -6.7385006   86.7237975    1.0000000 
 123.3742252   -6.8284471   86.6374422    1.0000000 
 123.7169932   -6.9076147   86.5457752    1.0000000 
 124.0740717   -6.9952810   86.4397264    1.0000000 
 124.3995661   -7.0865119   86.3563301    1.0000000 
 124.7300643   -7.1767548   86.2521354    1.0000000 
 125.0633670   -7.2553477   86.1736417    1.0000000 
 125.4126772   -7.3303025   86.0919063    1.0000000 
 125.7651568   -7.4040774   86.0012674    1.0000000 
 126.1006836   -7.4724429   85.9011947    1.0000000 
 126.4159501   -7.5596099   85.7954418    1.0000000 
 126.6965978   -7.6549314   85.7093847    1.0000000 
 126.9859266   -7.7293701   85.6213002    1.0000000 
 127.3066601   -7.8033031   85.5228982    1.0000000 
 127.6124500   -7.8685445   85.4292351    1.0000000 
 127.8991076   -7.9479402   85.3378436    1.0000000 
 128.2010025   -8.0392583   85.2348743    1.0000000 
 128.4847073   -8.1250549   85.1335973    1.0000000 
 128.7321837   -8.1855667   85.0453400    1.0000000 
 128.9726844   -8.2560061   84.9661081    1.0000000 
 129.2346069   -8.3212917   84.8708046    1.0000000 
 129.5039404   -8.3831318   84.7672999    1.0000000 
 129.7637434   -8.4391373   84.6737113    1.0000000 
 130.0078423   -8.4996358   84.5757275    1.0000000 
 130.2513324   -8.5578572   84.4894098    1.0000000 
 130.4998324   -8.6248854   84.3927457    1.0000000 
 130.7210113   -8.6837826   84.3026808    1.0000000 
 130.9414765   -8.7499543   84.2098163    1.0000000 
 131.1560095   -8.8110533   84.1216281    1.0000000 
 131.3821532   -8.8606043   84.0265582    1.0000000 
 131.5972795   -8.9082576   83.9309766    1.0000000 
 131.7763610   -8.9535390   83.8521846    1.0000000 
 131.9590120   -9.0032431   83.7699110    1.0000000 
 132.1413135   -9.0538947   83.6772918    1.0000000 
 132.3094197   -9.1054144   83.5913259    1.0000000 
 132.4871148   -9.1589961   83.5036329    1.0000000 
 132.6545097   -9.2006948   83.4182348    1.0000000 
 132.8126829   -9.2421379   83.3353104    1.0000000 
 132.9723497   -9.2821153   83.2491768    1.0000000 
 133.1028824   -9.3153755   83.1801407    1.0000000 
 133.2371345   -9.3545157   83.1053654    1.0000000 
 133.3594341   -9.3919773   83.0261291    1.0000000 
 133.4808387   -9.4270436   82.9447716    1.0000000 
 133.6047995   -9.4623731   82.8648625    1.0000000 
 133.7285962   -9.4891899   82.7964978    1.0000000 
 133.8435304   -9.5216247   82.7283250    1.0000000 
 133.9509472   -9.5502005   82.6691351    1.0000000 
 134.0532275   -9.5714996   82.5995899    1.0000000 
 134.1553008   -9.5997645   82.5271240    1.0000000 
 134.2534231   -9.6264235   82.4443534    1.0000000 
 134.3580490   -9.6459191   82.3573267    1.0000000 
 134.4493771   -9.6756106   82.2658591    1.0000000 
 134.5582892   -9.7051847   82.1620041    1.0000000 
 134.6605060   -9.7282985   82.0503310    1.0000000 
 134.7788439   -9.7576219   81.9363286    1.0000000 
 134.8954077   -9.7898218   81.8180733    1.0000000 
 135.0069243   -9.8111798   81.6923173    1.0000000 
 135.1209327   -9.8385403   81.5601557    1.0000000 
 135.2383610   -9.8663032   81.4215829    1.0000000 
 135.3677096   -9.8904013   81.2573321    1.0000000 
 135.4902729   -9.9239680   81.0922925    1.0000000 
 135.6217222   -9.9534049   80.9002397    1.0000000 
 135.7074425   -9.9944415   80.7052714    1.0000000 
 135.8198370  -10.0331023   80.4936639    1.0000000 
 135.9321573  -10.0760664   80.2803489    1.0000000 
 136.0396746  -10.1047150   80.0689651    1.0000000 
 136.1498318  -10.1345474   79.8463831    1.0000000 
 136.2520374  -10.1598520   79.6143112    1.0000000 
 136.3617654  -10.1966818   79.3650810    1.0000000 
 136.4584566  -10.2354548   79.1210094    1.0000000 
 136.5515088  -10.2653636   78.8714746    1.0000000 
 136.6273522  -10.2983029   78.6211321    1.0000000 
 136.7020547  -10.3280453   78.3314972    1.0000000 
 136.7588546  -10.3575441   78.0557299    1.0000000 
 136.8155827  -10.3853793   77.7688602    1.0000000 
 136.8505490  -10.4148794   77.5055590    1.0000000 
 136.8832278  -10.4460672   77.2376239    1.0000000 
 136.8963501  -10.4744883   76.9650563    1.0000000 
 136.9065211  -10.5039789   76.6877529    1.0000000 
 136.9123535  -10.5181465   76.4115205    1.0000000 
 136.9013434  -10.5225615   76.1351458    1.0000000 
 136.8813981  -10.5481995   75.8803448    1.0000000 
 136.8751673  -10.5646623   75.5934949    1.0000000 
 136.8613447  -10.5918762   75.3147025    1.0000000 
 136.8497362  -10.6160846   75.0214560    1.0000000 
 136.8361084  -10.6405895   74.7206811    1.0000000 
 136.8197337  -10.6511104   74.4232874    1.0000000 
 136.7933317  -10.6578334   74.1562917    1.0000000 
 136.7609879  -10.6649089   73.8780740    1.0000000 
 136.7043792  -10.6871827   73.5963088    1.0000000 
 136.6508198  -10.7048596   73.2979225    1.0000000 
 136.5939880  -10.7292315   73.0042704    1.0000000 
 136.5522163  -10.7492063   72.7185792    1.0000000 
 136.5089225  -10.7653055   72.4198030    1.0000000 
 136.4629699  -10.7867285   72.1440562    1.0000000 
 136.3819030  -10.7991027   71.8749229    1.0000000 
 136.2969762  -10.8029244   71.5932604    1.0000000 
 136.2180321  -10.8021030   71.3094886    1.0000000 
 136.1339871  -10.7971318   71.0022957    1.0000000 
 136.0617282  -10.7943659   70.7005339    1.0000000 
 135.9840656  -10.8048729   70.4185197    1.0000000 
 135.8804315  -10.8277040   70.1238915    1.0000000 
 135.7738766  -10.8437588   69.8454219    1.0000000 
 135.6652886  -10.8389530   69.5511127    1.0000000 
 135.5704946  -10.8293008   69.2691845    1.0000000 
 135.4722125  -10.8154632   68.9889156    1.0000000 
 135.3675580  -10.8091402   68.6886794    1.0000000 
 135.2493934  -10.8198905   68.3915442    1.0000000 
 135.1294959  -10.8276514   68.0896155    1.0000000 
 135.0083780  -10.8310359   67.7999044    1.0000000 
 134.8798894  -10.8342975   67.5044965    1.0000000 
 134.7465961  -10.8233179   67.1952986    1.0000000 
 134.6225342  -10.8168731   66.8889526    1.0000000 
 134.4811787  -10.7981736   66.5725564    1.0000000 
 134.3347162  -10.7975325   66.2480802    1.0000000 
 134.1816147  -10.7893530   65.9185529    1.0000000 
 134.0260448  -10.7899976   65.5795047    1.0000000 
 133.8679597  -10.7792549   65.2314537    1.0000000 
 133.7153872  -10.7731975   64.8776439    1.0000000 
 133.5536268  -10.7641266   64.5229197    1.0000000 
 133.3898628  -10.7549624   64.1418555    1.0000000 
 133.2186992  -10.7460150   63.7646970    1.0000000 
 133.0467792  -10.7435229   63.3649883    1.0000000 
 132.8731276  -10.7370043   62.9735263    1.0000000 
 132.7082297  -10.7321912   62.5905473    1.0000000 
 132.5228879  -10.7204398   62.1750078    1.0000000 
 132.3569735  -10.7157163   61.7772325    1.0000000 
 132.1777122  -10.7058412   61.3647231    1.0000000 
 132.0040061  -10.6965998   60.9549063    1.0000000 
 131.8190263  -10.6796918   60.5444799    1.0000000 
 131.6347440  -10.6777741   60.1208275    1.0000000 
 131.4521628  -10.6706177   59.7061599    1.0000000 
 131.2653977  -10.6651533   59.2711481    1.0000000 
 131.0743368  -10.6801976   58.8416370    1.0000000 
 130.8862338  -10.6835673   58.4187677    1.0000000 
 130.7054219  -10.6745354   57.9914435    1.0000000 
 130.5194184  -10.6714920   57.5656295    1.0000000 
 130.3122122  -10.6768585   57.1064798    1.0000000 
 130.0930333  -10.6789877   56.6268196    1.0000000 
 129.8900745  -10.6878573   56.1633196    1.0000000 
 129.6720866  -10.6824264   55.6735147    1.0000000 
 129.4590243  -10.6772976   55.1903200    1.0000000 
 129.2426877  -10.6675996   54.6932163    1.0000000 
 129.0202884  -10.6600076   54.1882741    1.0000000 
 128.7903126  -10.6503818   53.6655666    1.0000000 
 128.5790903  -10.6550832   53.1768679    1.0000000 
 128.3776761  -10.6421829   52.7014568    1.0000000 
 128.1629966  -10.6342067   52.2063352    1.0000000 
 127.9373041  -10.6244381   51.6890923    1.0000000 
 127.7185710  -10.6253468   51.1768852    1.0000000 
 127.5163460  -10.6117573   50.6789227    1.0000000 
 127.2930397  -10.6002098   50.1530168    1.0000000 
 127.0596729  -10.5829913   49.6134735    1.0000000 
 126.8370008  -10.5752920   49.0978744    1.0000000 
 126.6025624  -10.5676767   48.5569515    1.0000000 
 126.3752294  -10.5536657   48.0303124    1.0000000 
 126.1441984  -10.5439235   47.4848856    1.0000000 
 125.9096332  -10.5361955   46.9303429    1.0000000 
 125.6624689  -10.5312620   46.3572128    1.0000000 
 125.4455243  -10.5306454   45.8376930    1.0000000 
 125.2203953  -10.5163951   45.3050398    1.0000000 
 124.9917324  -10.5118972   44.7666761    1.0000000 
 124.7834770  -10.5017827   44.2445568    1.0000000 
 124.5379246  -10.4962303   43.6844607    1.0000000 
 124.3159155  -10.4811900   43.1437898    1.0000000 
 124.0646490  -10.4667044   42.5792371    1.0000000 
 123.8338433  -10.4578761   42.0364995    1.0000000 
 123.6119241  -10.4541377   41.5084846    1.0000000 
 123.3693455  -10.4443075   40.9486311    1.0000000 
 123.1375199  -10.4407196   40.3960329    1.0000000 
 122.8974490  -10.4315437   39.8454439    1.0000000 
 122.6579931  -10.4316238   39.2643505    1.0000000 
 122.3931761  -10.4280392   38.6756362    1.0000000 
 122.1589567  -10.4252400   38.0925552    1.0000000 
 121.9045960  -10.4165017   37.5105028    1.0000000 
 121.6644379  -10.4191934   36.9309126    1.0000000 
 121.4082035  -10.4083353   36.3117288    1.0000000 
 121.1388789  -10.4044007   35.7140676    1.0000000 
 120.9014117  -10.3852507   35.1479351    1.0000000 
 120.6364722  -10.3616340   34.5464336    1.0000000 
 120.3793323  -10.3427511   33.9485414    1.0000000 
 120.1179990  -10.3268747   33.3252470    1.0000000 
 119.8475183  -10.3073541   32.6913708    1.0000000 
 119.6056742  -10.2949407   32.0781041    1.0000000 
 119.3571990  -10.2853175   31.4722882    1.0000000 
 119.1210255  -10.2859641   30.8971219    1.0000000 
 118.8621911  -10.2830588   30.2886488    1.0000000 
 118.5980877  -10.2619340   29.6694119    1.0000000 
 118.3572841  -10.2681394   29.0759111    1.0000000 
 118.1095309  -10.2626277   28.4747465    1.0000000 
 117.8369378  -10.2581391   27.8143162    1.0000000 
 117.5919037  -10.2563025   27.2120844    1.0000000 
 117.3156408  -10.2573948   26.5590527    1.0000000 
 117.0175450  -10.2602967   25.8862542    1.0000000 
 116.7642040  -10.2695501   25.2762958    1.0000000 
 116.4807510  -10.2688588   24.6364927    1.0000000 
 116.1978208  -10.2698421   23.9680738    1.0000000 
 115.9221422  -10.2631046   23.3130687    1.0000000 
 115.7086616  -10.2568440   22.7652673    1.0000000 
 115.4163148  -10.2518015   22.1082824    1.0000000 
 115.1931054  -10.2622251   21.5480783    1.0000000 
 114.9240088  -10.2526487   20.9113830    1.0000000 
 114.6631732  -10.2603378   20.2690415    1.0000000 
 114.3896300  -10.2571009   19.6131745    1.0000000 
 114.1726773  -10.2555067   19.0663049    1.0000000 
 113.8817677  -10.2391091   18.4114232    1.0000000 
 113.6305955  -10.2425060   17.8045975    1.0000000 
 113.3472620  -10.2403859   17.1419944    1.0000000 
 113.0692434  -10.2334665   16.4823344    1.0000000 
 112.8104608  -10.2325573   15.8492278    1.0000000 
 112.5160485  -10.2225004   15.1726859    1.0000000 
 112.2565553  -10.2180664   14.5524964    1.0000000 
 111.9378079  -10.2151285   13.8497165    1.0000000 
 111.6651307  -10.2054581   13.2050012    1.0000000 
 111.3788990  -10.2040752   12.5629760    1.0000000 
 111.0957939  -10.1961012   11.9101045    1.0000000 
 110.8277794  -10.1681054   11.2753891    1.0000000 
 110.5476632  -10.1603163   10.6166346    1.0000000 
 110.2825304  -10.1589024    9.9990124    1.0000000 
 110.0270243  -10.1521434    9.3664351    1.0000000 
 109.7502068  -10.1483412    8.7067048    1.0000000 
 109.4966659  -10.1374098    8.0961546    1.0000000 
 109.2183763  -10.1304832    7.4344643    1.0000000 
 108.9338313  -10.1245932    6.7689116    1.0000000 
 108.6712000  -10.1206185    6.1421797    1.0000000 
 108.3978209  -10.1177300    5.5183231    1.0000000 
 108.1204976  -10.1379959    4.8806326    1.0000000 
 107.8302806  -10.1473938    4.2222862    1.0000000 
 107.5375208  -10.1592664    3.5336101    1.0000000 
 107.2511177  -10.1656510    2.8663319    1.0000000 
 106.9747708  -10.1557264    2.2118185    1.0000000 
 106.7109042  -10.1624933    1.5977901    1.0000000 
 106.4261840  -10.1642656    0.9475801    1.0000000 
 106.1563663  -10.1604144    0.2833520    1.0000000 
 105.8723658  -10.1718110   -0.3398221    1.0000000 
 105.6063698  -10.1717126   -0.9653286    1.0000000 
 105.3432659  -10.1807359   -1.5799376    1.0000000 
 105.0767326  -10.1984525   -2.1843191    1.0000000 
 104.8512390  -10.1786715   -2.7592295    1.0000000 
 104.5581171  -10.1935044   -3.4255021    1.0000000 
 104.2860107  -10.1818701   -4.0569381    1.0000000 
 104.0201563  -10.1999376   -4.6833486    1.0000000 
 103.7317590  -10.2008868   -5.3486576    1.0000000 
 103.4606115  -10.2015735   -5.9789916    1.0000000 
 103.1975537  -10.2076483   -6.5995568    1.0000000 
 102.9353979  -10.2286587   -7.1863115    1.0000000 
 102.6626171  -10.2334524   -7.8095720    1.0000000 
 102.4013618  -10.2468347   -8.4167280    1.0000000 
 102.1013878  -10.2514822   -9.1004552    1.0000000 
 101.8110611  -10.2529001   -9.7723936    1.0000000 
 101.5219770  -10.2639181  -10.4370535    1.0000000 
 101.2520506  -10.2749207  -11.0549807    1.0000000 
 100.9685285  -10.2733990  -11.7114125    1.0000000 
 100.7392995  -10.2771625  -12.2839269    1.0000000 
 100.4610282  -10.2906678  -12.9204091    1.0000000 
 100.1693878  -10.3100597  -13.5720986    1.0000000 
  99.9062883  -10.3314570  -14.1833882    1.0000000 
  99.6565612  -10.3319601  -14.7887316    1.0000000 
  99.4021378  -10.3344143  -15.3948019    1.0000000 
  99.1127955  -10.3454294  -16.0691987    1.0000000 
  98.8454343  -10.3494847  -16.6880086    1.0000000 
  98.5951197  -10.3593293  -17.2793977    1.0000000 
  98.3887606  -10.3757905  -17.8068740    1.0000000 
  98.1097835  -10.4062670  -18.3375047    1.0000000 
  97.8700994  -10.4344483  -18.8580188    1.0000000 
  97.6395505  -10.4630516  -19.3835041    1.0000000 
  97.3749133  -10.4822402  -20.0150562    1.0000000 
  97.1029777  -10.5019179  -20.6284333    1.0000000 
  96.8436472  -10.5085658  -21.2323460    1.0000000 
  96.5915756  -10.5190669  -21.8008236    1.0000000 
  96.3814717  -10.5501138  -22.2117973    1.0000000 
  96.1089102  -10.5590176  -22.8182638    1.0000000 
  95.8610922  -10.5779619  -23.3946909    1.0000000 
  95.5925845  -10.5835485  -24.0056194    1.0000000 
  95.3676778  -10.6178101  -24.5139609    1.0000000 
  95.1246006  -10.6368472  -25.0990954    1.0000000 
  94.8705504  -10.6463793  -25.6934000    1.0000000 
  94.6053605  -10.6499036  -26.2997629    1.0000000 
  94.3614418  -10.6710557  -26.8815353    1.0000000 
  94.0977975  -10.6979237  -27.4732174    1.0000000 
  93.8478483  -10.6971822  -28.0569719    1.0000000 
  93.5828166  -10.7107944  -28.6668844    1.0000000 
  93.3392681  -10.7210515  -29.2422741    1.0000000 
  93.0869095  -10.7291271  -29.8146822    1.0000000 
  92.8730396  -10.7544672  -30.3544958    1.0000000 
  92.6310052  -10.7679387  -30.8786951    1.0000000 
  92.3725585  -10.7703467  -31.4687214    1.0000000 
  92.1400496  -10.7811336  -31.9939069    1.0000000 
  91.9326594  -10.8137368  -32.5402905    1.0000000 
  91.7052704  -10.8337844  -33.0583340    1.0000000 
  91.4990862  -10.8537484  -33.5326465    1.0000000 
  91.2655896  -10.8526263  -34.0662457    1.0000000 
  91.0160050  -10.8592057  -34.4587164    1.0000000 
  90.7931341  -10.8775633  -34.8930036    1.0000000 
  90.5751187  -10.9129636  -35.2907473    1.0000000 
  90.3645330  -10.9246658  -35.7688745    1.0000000 
  90.1590633  -10.9293392  -36.2232136    1.0000000 
  89.9717895  -10.9478929  -36.6803950    1.0000000 
  89.7765388  -10.9554870  -37.1408022    1.0000000 
  89.5698125  -10.9619419  -37.5470764    1.0000000 
  89.4027461  -10.9731635  -37.9232875    1.0000000 
  89.2451764  -10.9855805  -38.2992149    1.0000000 
  89.0345473  -10.9894351  -38.7708222    1.0000000 
  88.8683314  -10.9949308  -39.0989496    1.0000000 
  88.6662368  -10.9916170  -39.4731832    1.0000000 
  88.4624431  -11.0023544  -39.9053696    1.0000000 
  88.2695856  -11.0096145  -40.3311372    1.0000000 
  88.0668764  -11.0152901  -40.7760865    1.0000000 
  87.8913340  -11.0110301  -41.1642661    1.0000000 
  87.7342784  -11.0321008  -41.4841243    1.0000000 
  87.6283200  -11.0584364  -41.7830058    1.0000000 
  87.4815478  -11.0670454  -42.1321740    1.0000000 
  87.3492584  -11.1104474  -42.4494573    1.0000000 
  87.1996866  -11.1251473  -42.7649895    1.0000000 
  87.0572110  -11.1397393  -43.1086296    1.0000000 
  86.8950968  -11.1485257  -43.4640130    1.0000000 
  86.7431725  -11.1586024  -43.8159072    1.0000000 
  86.5721495  -11.1865094  -44.1425164    1.0000000 
  86.4390686  -11.1871561  -44.4554254    1.0000000 
  86.2850910  -11.1934104  -44.8003835    1.0000000 
  86.1422045  -11.2050427  -45.1152847    1.0000000 
  86.0274617  -11.2245002  -45.3959531    1.0000000 
  85.9123601  -11.2385241  -45.6533975    1.0000000 
  85.7945514  -11.2527634  -45.9326930    1.0000000 
  85.6690287  -11.2734437  -46.2362488    1.0000000 
  85.5521265  -11.2939752  -46.5178086    1.0000000 
  85.4168547  -11.3038787  -46.8221579    1.0000000 
  85.2940008  -11.3181024  -47.0670371    1.0000000 
  85.1675227  -11.3334035  -47.3429567    1.0000000 
  85.0314210  -11.3461258  -47.6571703    1.0000000 
  84.8991485  -11.3544711  -47.9663244    1.0000000 
  84.7518396  -11.3575086  -48.2949636    1.0000000 
  84.6152359  -11.3675652  -48.6039940    1.0000000 
  84.4713652  -11.3792380  -48.9149563    1.0000000 
  84.3372031  -11.3888232  -49.2212054    1.0000000 
  84.2026925  -11.3972829  -49.5221199    1.0000000 
  84.0754062  -11.4029150  -49.8170442    1.0000000 
  83.9591698  -11.4195320  -50.0888992    1.0000000 
  83.8335683  -11.4288314  -50.3655968    1.0000000 
  83.7115956  -11.4388611  -50.6409346    1.0000000 
  83.6023912  -11.4448832  -50.8966716    1.0000000 
  83.4855645  -11.4504776  -51.1230018    1.0000000 
  83.3774032  -11.4708075  -51.3633834    1.0000000 
  83.2623706  -11.4774981  -51.6199545    1.0000000 
  83.1519095  -11.4903708  -51.8666556    1.0000000 
  83.0519669  -11.5060306  -52.1043932    1.0000000 
  82.9704886  -11.5319062  -52.2972711    1.0000000 
  82.8605526  -11.5486181  -52.5192014    1.0000000 
  82.7534449  -11.5583589  -52.7288631    1.0000000 
  82.6470526  -11.5541248  -52.9704923    1.0000000 
  82.5425824  -11.5560848  -53.1915947    1.0000000 
  82.4599754  -11.5630182  -53.3884244    1.0000000 
  82.3817414  -11.5858059  -53.5728891    1.0000000 
  82.2938254  -11.6178894  -53.7608572    1.0000000 
  82.2075584  -11.6522742  -53.9544165    1.0000000 
  82.1257240  -11.6782914  -54.1302861    1.0000000 
  82.0340919  -11.6952079  -54.2989775    1.0000000 
  81.9459265  -11.6981662  -54.4653170    1.0000000 
  81.8800586  -11.7107553  -54.5909878    1.0000000 
  81.7942379  -11.7247603  -54.7395460    1.0000000 
  81.6889077  -11.7428961  -54.9253381    1.0000000 
  81.5840872  -11.7554071  -55.1345677    1.0000000 
  81.5015539  -11.7920144  -55.2729805    1.0000000 
  81.3844539  -11.8075833  -55.4399806    1.0000000 
  81.2956345  -11.8251651  -55.5656837    1.0000000 
  81.1865382  -11.8420990  -55.7027981    1.0000000 
  81.0657716  -11.8589845  -55.8491361    1.0000000 
  80.9358374  -11.8693654  -56.0017833    1.0000000 
  80.8051252  -11.8901439  -56.1595504    1.0000000 
  80.6876833  -11.8911242  -56.3202931    1.0000000 
  80.5403649  -11.8958774  -56.4946027    1.0000000 
  80.3828709  -11.8960548  -56.6629864    1.0000000 
  80.2129180  -11.9026635  -56.8311142    1.0000000 
  80.0139391  -11.9041305  -57.0210854    1.0000000 
  79.8223892  -11.9112566  -57.1964403    1.0000000 
  79.6195815  -11.9055821  -57.3733685    1.0000000 
  79.4302665  -11.9264418  -57.5092278    1.0000000 
  79.2094714  -11.9295248  -57.6654016    1.0000000 
  79.0028880  -11.9565070  -57.7950889    1.0000000 
  78.7754276  -11.9588686  -57.9371540    1.0000000 
  78.5513059  -11.9598140  -58.0658077    1.0000000 
  78.3078430  -11.9499551  -58.2012113    1.0000000 
  78.0511519  -11.9453374  -58.3363829    1.0000000 
  77.7812636  -11.9338003  -58.4733299    1.0000000 
  77.5248740  -11.9394115  -58.6003117    1.0000000 
  77.2491575  -11.9323434  -58.7151214    1.0000000 
  76.9566480  -11.9223909  -58.8387594    1.0000000 
  76.6673154  -11.9160080  -58.9478257    1.0000000 
  76.3934260  -11.9120159  -59.0455721    1.0000000 
  76.1002856  -11.9034202  -59.1357603    1.0000000 
  75.7892446  -11.8899078  -59.2382264    1.0000000 
  75.4996253  -11.8853728  -59.3332515    1.0000000 
  75.1917694  -11.8666763  -59.4416871    1.0000000 
  74.8949707  -11.8545778  -59.5216765    1.0000000 
  74.5595507  -11.8342003  -59.5886154    1.0000000 
  74.2447850  -11.8121836  -59.6478865    1.0000000 
  73.9418609  -11.8042795  -59.6980147    1.0000000 
  73.6272743  -11.7789403  -59.7686488    1.0000000 
  73.3053929  -11.7600131  -59.8431920    1.0000000 
  72.9976653  -11.7478966  -59.9072686    1.0000000 
  72.6665686  -11.7282191  -59.9552142    1.0000000 
  72.3453011  -11.7133375  -59.9945669    1.0000000 
  72.0060427  -11.6941144  -60.0297574    1.0000000 
  71.6825213  -11.6770989  -60.0676583    1.0000000 
  71.3448322  -11.6546466  -60.1089758    1.0000000 
  70.9927962  -11.6278456  -60.1520411    1.0000000 
  70.6268403  -11.6051124  -60.1890620    1.0000000 
  70.2501571  -11.5786410  -60.2134320    1.0000000 
  69.8785538  -11.5483988  -60.2373818    1.0000000 
  69.4881293  -11.5147509  -60.2614187    1.0000000 
  69.1110292  -11.4827922  -60.2824255    1.0000000 
  68.7291393  -11.4510339  -60.2960900    1.0000000 
  68.3334161  -11.4105348  -60.3049057    1.0000000 
  67.9400344  -11.3636069  -60.3069648    1.0000000 
  67.5544441  -11.3395982  -60.3029219    1.0000000 
  67.1529547  -11.3060691  -60.2903000    1.0000000 
  66.7700634  -11.2711621  -60.2800818    1.0000000 
  66.3728118  -11.2320841  -60.2663669    1.0000000 
  65.9921864  -11.2027689  -60.2394015    1.0000000 
  65.5858113  -11.1608046  -60.2090106    1.0000000 
  65.1497211  -11.1230217  -60.1644787    1.0000000 
  64.7286991  -11.0854254  -60.1150635    1.0000000 
  64.3088478  -11.0548331  -60.0640864    1.0000000 
  63.8848572  -11.0256207  -60.0128788    1.0000000 
  63.4552614  -10.9888199  -59.9584555    1.0000000 
  63.0446883  -10.9536394  -59.8834853    1.0000000 
  62.6224175  -10.9174780  -59.8171548    1.0000000 
  62.2056020  -10.8758902  -59.7515139    1.0000000 
  61.7752780  -10.8402619  -59.6812949    1.0000000 
  61.3369675  -10.8142823  -59.5985518    1.0000000 
  60.8919068  -10.7966858  -59.5086270    1.0000000 
  60.4814108  -10.7721011  -59.4207267    1.0000000 
  60.0318310  -10.7348384  -59.3275362    1.0000000 
  59.6294118  -10.7041039  -59.2427170    1.0000000 
  59.2097512  -10.6827287  -59.1406814    1.0000000 
  58.7998112  -10.6715322  -59.0506378    1.0000000 
  58.3832646  -10.6458212  -58.9473255    1.0000000 
  57.9726640  -10.6348770  -58.8536392    1.0000000 
  57.5271930  -10.6087203  -58.7432841    1.0000000 
  57.0978314  -10.5870307  -58.6393989    1.0000000 
  56.6760232  -10.5608453  -58.5375945    1.0000000 
  56.2347682  -10.5413763  -58.4269479    1.0000000 
  55.8070148  -10.5199279  -58.3249871    1.0000000 
  55.3797965  -10.5002449  -58.2262799    1.0000000 
  54.9510773  -10.4807603  -58.1231414    1.0000000 
  54.4806346  -10.4494909  -58.0092338    1.0000000 
  54.0532135  -10.4438231  -57.9060662    1.0000000 
  53.5911674  -10.4253115  -57.7859999    1.0000000 
  53.1328691  -10.4062680  -57.6746781    1.0000000 
  52.6757518  -10.3861938  -57.5607808    1.0000000 
  52.2021275  -10.3544299  -57.4380672    1.0000000 
  51.7236010  -10.3386690  -57.3182065    1.0000000 
  51.2370803  -10.3140696  -57.1972030    1.0000000 
  50.7530799  -10.2862238  -57.0764866    1.0000000 
  50.2664341  -10.2647805  -56.9482095    1.0000000 
  49.7702613  -10.2353214  -56.8237622    1.0000000 
  49.2681685  -10.2085867  -56.6983118    1.0000000 
  48.7630729  -10.1791132  -56.5709410    1.0000000 
  48.2831013  -10.1618321  -56.4439257    1.0000000 
  47.7435201  -10.1316914  -56.3030280    1.0000000 
  47.2443265  -10.1084828  -56.1774336    1.0000000 
  46.7420720  -10.1027149  -56.0492831    1.0000000 
  46.1866694  -10.0703419  -55.9051032    1.0000000 
  45.7064487  -10.0569724  -55.7793546    1.0000000 
  45.1666544  -10.0242032  -55.6426939    1.0000000 
  44.6393417   -9.9890931  -55.5156553    1.0000000 
  44.1187306   -9.9505583  -55.3855867    1.0000000 
  43.5790167   -9.9200403  -55.2642916    1.0000000 
  43.0696990   -9.8878416  -55.1509532    1.0000000 
  42.5461567   -9.8662960  -55.0282836    1.0000000 
  42.0363866   -9.8424092  -54.9130403    1.0000000 
  41.5357107   -9.8092685  -54.8011232    1.0000000 
  41.0194852   -9.7970963  -54.6908508    1.0000000 
  40.5089753   -9.7825678  -54.5697802    1.0000000 
  40.0390562   -9.7543097  -54.4559470    1.0000000 
  39.4934121   -9.7304195  -54.3311303    1.0000000 
  38.9909524   -9.7108650  -54.2323811    1.0000000 
  38.5048141   -9.6929028  -54.1340937    1.0000000 
  37.9887108   -9.6704655  -54.0294978    1.0000000 
  37.4603568   -9.6413230  -53.9211049    1.0000000 
  36.9141836   -9.6027847  -53.8008755    1.0000000 
  36.3903722   -9.5767585  -53.6882699    1.0000000 
  35.8487199   -9.5596185  -53.5707221    1.0000000 
  35.3427690   -9.5299981  -53.4570024    1.0000000 
  34.8297152   -9.5089431  -53.3465660    1.0000000 
  34.2850295   -9.4787552  -53.2215740    1.0000000 
  33.7809716   -9.4515877  -53.1080083    1.0000000 
  33.2414334   -9.4244150  -52.9901660    1.0000000 
  32.7226532   -9.3964031  -52.8659235    1.0000000 
  32.1867320   -9.3780873  -52.7455016    1.0000000 
  31.6582410   -9.3515595  -52.6251734    1.0000000 
  31.1515055   -9.3312149  -52.5112344    1.0000000 
  30.6730841   -9.3037155  -52.3985131    1.0000000 
  30.1535667   -9.2887340  -52.2760085    1.0000000 
  29.6491640   -9.2634264  -52.1580856    1.0000000 
  29.1742747   -9.2544252  -52.0345178    1.0000000 
  28.7208850   -9.2421845  -51.8927513    1.0000000 
  28.2228784   -9.2279547  -51.7749795    1.0000000 
  27.7239392   -9.2092495  -51.6472702    1.0000000 
  27.2061305   -9.2055156  -51.5088011    1.0000000 
  26.6627998   -9.1924366  -51.3604598    1.0000000 
  26.1460687   -9.1762113  -51.2156661    1.0000000 
  25.6053216   -9.1651512  -51.0626440    1.0000000 
  25.0942670   -9.1410375  -50.9172152    1.0000000 
  24.5518077   -9.1201330  -50.7683351    1.0000000 
  24.0668304   -9.0888825  -50.6233869    1.0000000 
  23.5782367   -9.0543319  -50.4740238    1.0000000 
  23.0528451   -9.0355612  -50.3274044    1.0000000 
  22.5305150   -9.0142186  -50.1762556    1.0000000 
  22.0115245   -8.9968315  -50.0315416    1.0000000 
  21.5115050   -8.9793917  -49.8852150    1.0000000 
  20.9887967   -8.9583933  -49.7252818    1.0000000 
  20.4644477   -8.9422242  -49.5654299    1.0000000 
  19.9457028   -8.9186027  -49.4045232    1.0000000 
  19.4246945   -8.8988611  -49.2535922    1.0000000 
  18.9062864   -8.8826390  -49.1017641    1.0000000 
  18.3775728   -8.8680808  -48.9425935    1.0000000 
  17.8361449   -8.8497141  -48.7752190    1.0000000 
  17.3316156   -8.8395201  -48.6201749    1.0000000 
  16.7868079   -8.8254148  -48.4688008    1.0000000 
  16.2623944   -8.8167754  -48.3155267    1.0000000 
  15.7496401   -8.8019348  -48.1747043    1.0000000 
  15.2504908   -8.7853771  -48.0566310    1.0000000 
  14.7526086   -8.7910229  -47.9182216    1.0000000 
  14.2573330   -8.7798262  -47.7771072    1.0000000 
  13.7457113   -8.7638849  -47.6322142    1.0000000 
  13.2378929   -8.7472711  -47.4966097    1.0000000 
  12.7364526   -8.7414065  -47.3496259    1.0000000 
  12.2043554   -8.7233150  -47.2005462    1.0000000 
  11.7192378   -8.7035593  -47.0575119    1.0000000 
  11.2329951   -8.6830590  -46.9135566    1.0000000 
  10.7266832   -8.6665691  -46.7641981    1.0000000 
  10.2147203   -8.6628489  -46.6160274    1.0000000 
   9.7204088   -8.6516222  -46.4724664    1.0000000 
   9.2150140   -8.6444101  -46.3323831    1.0000000 
   8.7116274   -8.6330189  -46.1848228    1.0000000 
   8.2093340   -8.6185818  -46.0453519    1.0000000 
   7.7030389   -8.6118121  -45.8916950    1.0000000 
   7.1871256   -8.6029267  -45.7422915    1.0000000 
   6.6595342   -8.5904518  -45.5922146    1.0000000 
   6.1542161   -8.5820904  -45.4453237    1.0000000 
   5.6941998   -8.5861012  -45.3084525    1.0000000 
   5.2353147   -8.5810531  -45.1848260    1.0000000 
   4.7480711   -8.5784215  -45.0525194    1.0000000 
   4.2552801   -8.5840716  -44.9114534    1.0000000 
   3.7663800   -8.5756818  -44.7595491    1.0000000 
   3.2573459   -8.5695191  -44.6215931    1.0000000 
   2.7374486   -8.5666902  -44.4816576    1.0000000 
   2.2463028   -8.5661069  -44.3425632    1.0000000 
   1.7361127   -8.5711114  -44.1911406    1.0000000 
   1.2188703   -8.5586570  -44.0369770    1.0000000 
   0.7435288   -8.5569901  -43.8946948    1.0000000 
   0.2651731   -8.5521157  -43.7466628    1.0000000 
  -0.2662287   -8.5356771  -43.5882080    1.0000000 
  -0.7695849   -8.5273592  -43.4247245    1.0000000 
  -1.2547187   -8.5227386  -43.2884773    1.0000000 
  -1.7803961   -8.5054463  -43.1360579    1.0000000 
  -2.2789949   -8.5036556  -42.9896398    1.0000000 
  -2.7716655   -8.5147919  -42.8391511    1.0000000 
  -3.2756678   -8.5094887  -42.6954761    1.0000000 
  -3.7822858   -8.4993232  -42.5542378    1.0000000 
  -4.2774825   -8.4957072  -42.4141945    1.0000000 
  -4.7441334   -8.4877426  -42.2773742    1.0000000 
  -5.2522089   -8.4786241  -42.1278979    1.0000000 
  -5.7138077   -8.4837995  -41.9896020    1.0000000 
  -6.2250176   -8.4802724  -41.8394864    1.0000000 
  -6.7007583   -8.4961764  -41.7111729    1.0000000 
  -7.1872211   -8.4948372  -41.5656217    1.0000000 
  -7.6947091   -8.4896293  -41.4168685    1.0000000 
  -8.1744064   -8.4937740  -41.2655438    1.0000000 
  -8.6582971   -8.4926944  -41.1260124    1.0000000 
  -9.1406507   -8.4886012  -40.9756742    1.0000000 
  -9.6106746   -8.4855658  -40.8269460    1.0000000 
 -10.0837844   -8.4778199  -40.6853346    1.0000000 
 -10.5397702   -8.4833262  -40.5549916    1.0000000 
 -10.9921446   -8.4974524  -40.4233713    1.0000000 
 -11.4680370   -8.4960276  -40.2839077    1.0000000 
 -11.9550227   -8.4929959  -40.1337321    1.0000000 
 -12.4102831   -8.5075844  -40.0039521    1.0000000 
 -12.8968047   -8.5077229  -39.8547515    1.0000000 
 -13.3719194   -8.5024804  -39.7161225    1.0000000 
 -13.8299252   -8.5117006  -39.5798295    1.0000000 
 -14.2963501   -8.5167292  -39.4410281    1.0000000 
 -14.7781796   -8.5150494  -39.2942774    1.0000000 
 -15.2329709   -8.5178099  -39.1622753    1.0000000 
 -15.6952165   -8.5215884  -39.0236867    1.0000000 
 -16.1247529   -8.5281206  -38.8918363    1.0000000 
 -16.5696402   -8.5266824  -38.7483030    1.0000000 
 -17.0038968   -8.5317637  -38.6136126    1.0000000 
 -17.4396390   -8.5332108  -38.4804701    1.0000000 
 -17.8469921   -8.5358135  -38.3537874    1.0000000 
 -18.2514181   -8.5331158  -38.2279882    1.0000000 
 -18.5985811   -8.5441847  -38.1318891    1.0000000 
 -18.9886732   -8.5477808  -38.0176801    1.0000000 
 -19.3609486   -8.5537634  -37.9014098    1.0000000 
 -19.7253870   -8.5557461  -37.7920957    1.0000000 
 -20.0783500   -8.5666177  -37.6895088    1.0000000 
 -20.4398296   -8.5686521  -37.5760972    1.0000000 
 -20.7274318   -8.5748455  -37.4905076    1.0000000 
 -21.0453377   -8.5783034  -37.3888880    1.0000000 
 -21.3701634   -8.5804329  -37.2890845    1.0000000 
 -21.6728527   -8.5867691  -37.1994174    1.0000000 
 -21.9931336   -8.5896965  -37.1043589    1.0000000 
 -22.2453467   -8.6024989  -37.0305246    1.0000000 
 -22.5170959   -8.6099625  -36.9511275    1.0000000 
 -22.7942915   -8.6108455  -36.8658660    1.0000000 
 -23.0630160   -8.6138546  -36.7829463    1.0000000 
 -23.3446081   -8.6150544  -36.6947749    1.0000000 
 -23.6187755   -8.6214428  -36.6079803    1.0000000 
 -23.8521202   -8.6408705  -36.5282709    1.0000000 
 -24.1004951   -8.6462685  -36.4501403    1.0000000 
 -24.3349379   -8.6520165  -36.3731482    1.0000000 
 -24.5838609   -8.6515245  -36.2921213    1.0000000 
 -24.7933400   -8.6593263  -36.2188583    1.0000000 
 -24.9788436   -8.6599974  -36.1501812    1.0000000 
 -25.1927802   -8.6595621  -36.0758603    1.0000000 
 -25.3919272   -8.6576665  -36.0089208    1.0000000 
 -25.5993116   -8.6561612  -35.9301740    1.0000000 
 -25.7802210   -8.6580297  -35.8540549    1.0000000 
 -25.9664631   -8.6547054  -35.7807595    1.0000000 
 -26.1381319   -8.6573209  -35.7175109    1.0000000 
 -26.3027934   -8.6576646  -35.6624437    1.0000000 
 -26.4624498   -8.6581686  -35.6079897    1.0000000 
 -26.6142991   -8.6626276  -35.5525535    1.0000000 
 -26.7653275   -8.6582107  -35.4893315    1.0000000 
 -26.9086083   -8.6538412  -35.4295038    1.0000000 
 -27.0342504   -8.6542579  -35.3604444    1.0000000 
 -27.1529020   -8.6608196  -35.2904198    1.0000000 
 -27.2702647   -8.6636954  -35.2190052    1.0000000 
 -27.3835781   -8.6706422  -35.1558842    1.0000000 
 -27.4973653   -8.6715789  -35.0959613    1.0000000 
 -27.6063334   -8.6776495  -35.0308307    1.0000000 
 -27.7262850   -8.6736831  -34.9604589    1.0000000 
 -27.8458703   -8.6727823  -34.8927362    1.0000000 
 -27.9596415   -8.6754896  -34.8190669    1.0000000 
 -28.0770833   -8.6847949  -34.7367504    1.0000000 
 -28.1956526   -8.6902495  -34.6484069    1.0000000 
 -28.3051770   -8.6973414  -34.5614162    1.0000000 
 -28.4192016   -8.7011515  -34.4718518    1.0000000 
 -28.5289429   -8.7062572  -34.3732783    1.0000000 
 -28.6386151   -8.7157040  -34.2692833    1.0000000 
 -28.7438414   -8.7225117  -34.1622231    1.0000000 
 -28.8448519   -8.7349787  -34.0486253    1.0000000 
 -28.9470499   -8.7394070  -33.9283254    1.0000000 
 -29.0413454   -8.7576733  -33.8046369    1.0000000 
 -29.1410039   -8.7740886  -33.6722754    1.0000000 
 -29.2247497   -8.7852075  -33.5434187    1.0000000 
 -29.3166414   -8.7859097  -33.4126007    1.0000000 
 -29.4017745   -8.7965409  -33.2793511    1.0000000 
 -29.4909918   -8.8048605  -33.1201537    1.0000000 
 -29.5784368   -8.8247889  -32.9562315    1.0000000 
 -29.6522355   -8.8373665  -32.7911929    1.0000000 
 -29.7247200   -8.8478861  -32.6063746    1.0000000 
 -29.8004924   -8.8515740  -32.4326336    1.0000000 
 -29.8786937   -8.8526208  -32.2392130    1.0000000 
 -29.9506615   -8.8533344  -32.0372443    1.0000000 
 -30.0187531   -8.8610990  -31.8360884    1.0000000 
 -30.0785769   -8.8629125  -31.6178707    1.0000000 
 -30.1263492   -8.8780432  -31.4045232    1.0000000 
 -30.1702197   -8.8836171  -31.1770373    1.0000000 
 -30.1970623   -8.8965661  -30.9530281    1.0000000 
 -30.2209039   -8.9180959  -30.7388554    1.0000000 
 -30.2421868   -8.9334389  -30.5108822    1.0000000 
 -30.2544614   -8.9483848  -30.2730772    1.0000000 
 -30.2653367   -8.9583050  -30.0372806    1.0000000 
 -30.2702638   -8.9690060  -29.8110184    1.0000000 
 -30.2666083   -8.9759470  -29.5729855    1.0000000 
 -30.2572250   -8.9906327  -29.3441436    1.0000000 
 -30.2278122   -9.0078180  -29.1044718    1.0000000 
 -30.1899022   -9.0238114  -28.8572397    1.0000000 
 -30.1500186   -9.0476214  -28.6030843    1.0000000 
 -30.1135132   -9.0794947  -28.3554800    1.0000000 
 -30.0727858   -9.1044617  -28.1197531    1.0000000 
 -30.0298993   -9.1287925  -27.8763645    1.0000000 
 -29.9938588   -9.1458847  -27.6404598    1.0000000 
 -29.9405476   -9.1717639  -27.3872097    1.0000000 
 -29.8925882   -9.1998608  -27.1693467    1.0000000 
 -29.8349645   -9.2210243  -26.9132248    1.0000000 
 -29.7855758   -9.2570435  -26.6623014    1.0000000 
 -29.7306092   -9.2850516  -26.3956266    1.0000000 
 -29.6890237   -9.3128391  -26.1351047    1.0000000 
 -29.6411590   -9.3337807  -25.8517435    1.0000000 
 -29.5926049   -9.3674039  -25.5639038    1.0000000 
 -29.5369150   -9.3918454  -25.2628604    1.0000000 
 -29.4665864   -9.4187847  -24.9714013    1.0000000 
 -29.3883457   -9.4348114  -24.6519649    1.0000000 
 -29.3141542   -9.4668168  -24.3370907    1.0000000 
 -29.2443490   -9.5050900  -24.0300785    1.0000000 
 -29.1715392   -9.5377246  -23.6860637    1.0000000 
 -29.0903324   -9.5775704  -23.3505875    1.0000000 
 -29.0091751   -9.6017645  -23.0188947    1.0000000 
 -28.9239613   -9.6203228  -22.6658120    1.0000000 
 -28.8437308   -9.6622401  -22.3430378    1.0000000 
 -28.7567095   -9.7066808  -22.0286238    1.0000000 
 -28.6464494   -9.7385235  -21.6611513    1.0000000 
 -28.5323828   -9.7718024  -21.3034399    1.0000000 
 -28.4158468   -9.8008257  -20.9318481    1.0000000 
 -28.3039722   -9.8387175  -20.5536280    1.0000000 
 -28.1848200   -9.8742660  -20.1958187    1.0000000 
 -28.0594029   -9.9129191  -19.8011366    1.0000000 
 -27.9251190   -9.9593208  -19.4166182    1.0000000 
 -27.7912909   -9.9891558  -19.0389025    1.0000000 
 -27.6480376  -10.0224807  -18.6338862    1.0000000 
 -27.4970849  -10.0716018  -18.2425799    1.0000000 
 -27.3466382  -10.1112304  -17.8077536    1.0000000 
 -27.1973362  -10.1466998  -17.4185663    1.0000000 
 -27.0684822  -10.1889847  -17.0260119    1.0000000 
 -26.9156329  -10.2393087  -16.6166610    1.0000000 
 -26.7760001  -10.2968567  -16.2173787    1.0000000 
 -26.6203425  -10.3502564  -15.8036041    1.0000000 
 -26.4543546  -10.4075632  -15.3673351    1.0000000 
 -26.3018663  -10.4493710  -14.9440901    1.0000000 
 -26.1417066  -10.5059163  -14.5377363    1.0000000 
 -25.9836112  -10.5532198  -14.1291928    1.0000000 
 -25.8305443  -10.5961305  -13.7325645    1.0000000 
 -25.6597883  -10.6387692  -13.3103835    1.0000000 
 -25.5050972  -10.6902993  -12.9051764    1.0000000 
 -25.3472399  -10.7403192  -12.4797445    1.0000000 
 -25.1807691  -10.7952530  -12.0585939    1.0000000 
 -25.0082490  -10.8519181  -11.6232285    1.0000000 
 -24.8537276  -10.9003254  -11.2216535    1.0000000 
 -24.6942563  -10.9488468  -10.7938308    1.0000000 
 -24.5283326  -11.0071202  -10.3592242    1.0000000 
 -24.3488437  -11.0601390   -9.9015540    1.0000000 
 -24.1695009  -11.1192250   -9.4577804    1.0000000 
 -24.0010899  -11.1811553   -9.0347526    1.0000000 
 -23.8216535  -11.2438524   -8.6026492    1.0000000 
 -23.6535137  -11.3056722   -8.1795021    1.0000000 
 -23.5055029  -11.3660310   -7.7842479    1.0000000 
 -23.3649130  -11.4176582   -7.4285639    1.0000000 
 -23.1891518  -11.4811224   -6.9868262    1.0000000 
 -23.0177786  -11.5534165   -6.5657433    1.0000000 
 -22.8771510  -11.6088746   -6.1685510    1.0000000 
 -22.7152717  -11.6888498   -5.7815267    1.0000000 
 -22.5527866  -11.7486106   -5.3334288    1.0000000 
 -22.4009753  -11.8142756   -4.9203332    1.0000000 
 -22.2310382  -11.8731049   -4.4602666    1.0000000 
 -22.0664530  -11.9396149   -4.0190807    1.0000000 
 -21.9035651  -12.0090163   -3.5997806    1.0000000 
 -21.7436713  -12.0745919   -3.1793667    1.0000000 
 -21.5808085  -12.1432469   -2.7533798    1.0000000 
 -21.4125172  -12.2138995   -2.3136227    1.0000000 
 -21.2417518  -12.2904731   -1.8709312    1.0000000 
 -21.0807530  -12.3601792   -1.4415242    1.0000000 
 -20.9188791  -12.4327351   -1.0041189    1.0000000 
 -20.7439835  -12.5009928   -0.5598072    1.0000000 
 -20.5800042  -12.5710918   -0.1257174    1.0000000 
 -20.4340421  -12.6519900    0.2678537    1.0000000 
 -20.2642809  -12.7294169    0.7190440    1.0000000 
 -20.0996421  -12.7967072    1.1640752    1.0000000 
 -19.9326812  -12.8657658    1.6022259    1.0000000 
 -19.7586412  -12.9255752    2.0443304    1.0000000 
 -19.5946228  -13.0011933    2.4807851    1.0000000 
 -19.4390186  -13.0531721    2.8893324    1.0000000 
 -19.2664535  -13.1133599    3.3434346    1.0000000 
 -19.0868207  -13.1794271    3.8111335    1.0000000 
 -18.9330922  -13.2396944    4.2385135    1.0000000 
 -18.7921750  -13.3016880    4.6368712    1.0000000 
 -18.6322239  -13.3590297    5.0476812    1.0000000 
 -18.4675690  -13.4284252    5.4829468    1.0000000 
 -18.3069532  -13.4925572    5.9298143    1.0000000 
 -18.1626979  -13.5545129    6.3641055    1.0000000 
 -18.0196351  -13.6173710    6.7870152    1.0000000 
 -17.8685472  -13.6903704    7.2002631    1.0000000 
 -17.7291226  -13.7549636    7.5978495    1.0000000 
 -17.5752533  -13.8280332    8.0061351    1.0000000 
 -17.4174746  -13.9027114    8.4108728    1.0000000 
 -17.2545249  -13.9711547    8.8299755    1.0000000 
 -17.0934706  -14.0332793    9.2582900    1.0000000 
 -16.9498349  -14.1092915    9.6628064    1.0000000 
 -16.7896608  -14.1711061   10.1007856    1.0000000 
 -16.6545166  -14.2328060   10.5038328    1.0000000 
 -16.5105122  -14.3014657   10.9018811    1.0000000 
 -16.3678153  -14.3679462   11.2836146    1.0000000 
 -16.2180579  -14.4338141   11.6815988    1.0000000 
 -16.0907493  -14.4985560   12.0426666    1.0000000 
 -15.9619966  -14.5559596   12.4144796    1.0000000 
 -15.8298417  -14.6225583   12.7871167    1.0000000 
 -15.6912207  -14.6915267   13.1697759    1.0000000 
 -15.5658533  -14.7578104   13.5251922    1.0000000 
 -15.4389755  -14.8249878   13.8746666    1.0000000 
 -15.3155421  -14.8918801   14.2186230    1.0000000 
 -15.1965764  -14.9526991   14.5522319    1.0000000 
 -15.0795541  -15.0116516   14.8895114    1.0000000 
 -14.9607059  -15.0735972   15.2274386    1.0000000 
 -14.8528491  -15.1281867   15.5498623    1.0000000 
 -14.7442243  -15.1839782   15.8734498    1.0000000 
 -14.6428285  -15.2362770   16.1932781    1.0000000 
 -14.5364047  -15.2948168   16.5209142    1.0000000 
 -14.4361907  -15.3555213   16.8351690    1.0000000 
 -14.3422700  -15.4130982   17.1343948    1.0000000 
 -14.2555038  -15.4635017   17.4259645    1.0000000 
 -14.1744956  -15.5220127   17.7102302    1.0000000 
 -14.0874638  -15.5700591   18.0029592    1.0000000 
 -14.0079528  -15.6150182   18.2784476    1.0000000 
 -13.9266993  -15.6675021   18.5621915    1.0000000 
 -13.8494598  -15.7099482   18.8303345    1.0000000 
 -13.7701330  -15.7591180   19.1101540    1.0000000 
 -13.6947811  -15.8074142   19.3957783    1.0000000 
 -13.6184004  -15.8505848   19.6634519    1.0000000 
 -13.5408501  -15.8982832   19.9481934    1.0000000 
 -13.4638967  -15.9444160   20.2224206    1.0000000 
 -13.3897879  -15.9849781   20.4988176    1.0000000 
 -13.3074199  -16.0332574   20.7787823    1.0000000 
 -13.2354951  -16.0867943   21.0411758    1.0000000 
 -13.1507271  -16.1331856   21.3112083    1.0000000 
 -13.0667333  -16.1788213   21.5903715    1.0000000 
 -12.9840722  -16.2238055   21.8747653    1.0000000 
 -12.9132769  -16.2656754   22.1392149    1.0000000 
 -12.8377638  -16.3057696   22.4063603    1.0000000 
 -12.7616265  -16.3534868   22.6719486    1.0000000 
 -12.6841570  -16.3974963   22.9308607    1.0000000 
 -12.6115166  -16.4405182   23.1651112    1.0000000 
 -12.5320880  -16.4837473   23.4273234    1.0000000 
 -12.4536423  -16.5260987   23.6627833    1.0000000 
 -12.3623180  -16.5702719   23.9164429    1.0000000 
 -12.2757083  -16.6173738   24.1626312    1.0000000 
