1 0 0 0 0 1 0 0 0 0 1 0 
0.999999 -0.000530437 0.00114856 0.00191737 0.000529981 1 0.000397263 -0.00915219 -0.00114877 -0.000396654 0.999999 0.445746 
0.999998 0.00129742 0.00164414 0.00117307 -0.00129444 0.999998 -0.00180993 -0.0146019 -0.00164648 0.0018078 0.999997 0.878082 
0.999996 0.00259987 0.00148861 -0.0064909 -0.00259384 0.999988 -0.0040383 -0.0196348 -0.00149909 0.00403442 0.999991 1.31351 
0.999999 0.000910514 -0.000834957 -0.00628755 -0.000914228 0.99999 -0.00445937 -0.0310439 0.000830888 0.00446013 0.99999 1.74375 
0.999988 -0.00226815 -0.00426961 -0.00422343 0.00224766 0.999986 -0.00479765 -0.0400663 0.00428044 0.004788 0.999979 2.17085 
0.999952 -0.00509945 -0.0083498 -0.00320504 0.00506797 0.99998 -0.00378631 -0.0467798 0.00836894 0.00374382 0.999958 2.59669 
0.999887 -0.00740427 -0.0131019 -0.00711166 0.00736412 0.999968 -0.00310955 -0.0535534 0.0131245 0.00301271 0.999909 3.02083 
0.99983 -0.00611965 -0.0174073 -0.0164791 0.00607694 0.999978 -0.00250543 -0.0624271 0.0174222 0.00239922 0.999845 3.4401 
0.999751 -0.00555005 -0.0216051 -0.0329308 0.00550366 0.999982 -0.00220612 -0.0716584 0.0216169 0.00208666 0.999764 3.84917 
0.999646 -0.00560083 -0.0260239 -0.0471036 0.00553008 0.999981 -0.00279016 -0.0800176 0.026039 0.00264525 0.999657 4.25931 
0.999536 -0.00467573 -0.0301097 -0.0613608 0.00461004 0.999987 -0.00225081 -0.0860572 0.0301198 0.00211096 0.999544 4.66709 
0.999394 -0.0056003 -0.0343591 -0.0798662 0.00552521 0.999982 -0.00227997 -0.0939699 0.0343712 0.00208875 0.999407 5.06312 
0.999208 -0.0062988 -0.0392784 -0.0984266 0.00614962 0.999973 -0.00391746 -0.0974816 0.0393021 0.00367281 0.999221 5.45298 
0.999018 -0.00718975 -0.0437253 -0.118632 0.00701773 0.999967 -0.00408622 -0.104775 0.0437532 0.00377536 0.999035 5.83394 
0.998862 -0.00660181 -0.0472436 -0.143871 0.00645229 0.999974 -0.00331661 -0.11415 0.0472642 0.00300801 0.998878 6.20577 
0.998705 -0.00526209 -0.0506117 -0.169003 0.00513543 0.999983 -0.00263231 -0.121006 0.0506247 0.00236899 0.998715 6.56496 
0.998544 -0.00440417 -0.0537681 -0.193112 0.00432316 0.999989 -0.00162286 -0.129713 0.0537747 0.00138805 0.998552 6.91099 
0.998416 -0.00394325 -0.0561321 -0.215444 0.00387254 0.999992 -0.00136836 -0.137067 0.0561371 0.00114882 0.998422 7.24435 
0.998302 -0.00285338 -0.0581746 -0.238915 0.00273977 0.999994 -0.00203259 -0.141999 0.0581801 0.00186975 0.998304 7.56313 
0.998198 -0.00303842 -0.0599235 -0.260931 0.00287972 0.999992 -0.00273461 -0.147219 0.0599314 0.00255712 0.998199 7.87042 
0.998098 -0.00369603 -0.0615395 -0.283382 0.00349178 0.999988 -0.0034261 -0.155774 0.0615515 0.0032047 0.998099 8.16043 
0.998008 -0.00361715 -0.0629843 -0.305311 0.00334628 0.999985 -0.0044056 -0.1623 0.0629993 0.00418606 0.998005 8.43838 
0.997934 -0.00300066 -0.0641799 -0.328352 0.00262513 0.999979 -0.00593472 -0.167947 0.0641963 0.00575398 0.997921 8.70629 
0.997858 -0.00317244 -0.0653377 -0.347259 0.00271708 0.999971 -0.00705709 -0.175582 0.0653583 0.00686445 0.997838 8.97089 
0.997808 -0.00277411 -0.0661103 -0.366419 0.00225264 0.999966 -0.00796103 -0.182389 0.0661302 0.00779466 0.997781 9.23162 
0.997754 -0.00396382 -0.0668724 -0.382535 0.00338149 0.999955 -0.00881915 -0.190282 0.0669044 0.00857321 0.997723 9.48978 
0.997691 -0.00622487 -0.0676337 -0.401185 0.0055583 0.999934 -0.0100393 -0.195905 0.0676917 0.00964019 0.99766 9.74295 
0.997632 -0.00588907 -0.0685232 -0.418369 0.00510467 0.999919 -0.0116167 -0.203719 0.0685861 0.0112394 0.997582 9.98967 
0.997555 -0.00424421 -0.0697566 -0.437691 0.00341453 0.999922 -0.0120088 -0.205663 0.0698021 0.0117413 0.997492 10.235 
0.997473 -0.00228379 -0.0710125 -0.457231 0.00157667 0.999949 -0.0100121 -0.210175 0.0710317 0.00987486 0.997425 10.4873 
0.997448 -0.00239846 -0.0713601 -0.475858 0.00192473 0.999976 -0.00670654 -0.211289 0.0713744 0.00655208 0.997428 10.7391 
0.997444 -0.002841 -0.0713913 -0.493271 0.00249046 0.999984 -0.00499867 -0.213368 0.0714044 0.0048081 0.997436 10.9887 
0.997438 -0.00501136 -0.0713602 -0.511247 0.0045576 0.999968 -0.00652014 -0.224269 0.0713907 0.00617821 0.997429 11.2307 
0.997404 -0.00587364 -0.0717685 -0.528984 0.00523022 0.999944 -0.00914988 -0.236265 0.0718183 0.00875076 0.997379 11.4646 
0.997419 -0.00512571 -0.0716215 -0.548841 0.00438647 0.999936 -0.0104749 -0.243599 0.0716706 0.0101337 0.997377 11.6997 
0.997422 -0.00389003 -0.0716476 -0.5666 0.00311996 0.999936 -0.0108567 -0.254184 0.0716852 0.0106052 0.997371 11.9347 
0.997438 -0.00446497 -0.071402 -0.582227 0.00368808 0.999933 -0.0110086 -0.264866 0.0714463 0.0107171 0.997387 12.167 
0.997436 -0.00676894 -0.0712444 -0.595096 0.0060291 0.999926 -0.0105945 -0.272242 0.0713108 0.0101378 0.997403 12.4005 
0.997467 -0.0089045 -0.0705643 -0.611998 0.00826846 0.999923 -0.00930066 -0.280761 0.0706416 0.00869365 0.997464 12.6384 
0.997549 -0.00713909 -0.0696051 -0.632092 0.0062836 0.999902 -0.0125018 -0.285431 0.0696876 0.0120338 0.997496 12.8806 
0.997619 -0.004239 -0.068833 -0.654579 0.00281626 0.999781 -0.0207534 -0.285101 0.0689059 0.0205101 0.997412 13.1322 
0.997661 -0.00455314 -0.0682031 -0.670548 0.00265125 0.999606 -0.0279503 -0.288925 0.0683035 0.0277041 0.99728 13.405 
0.99774 -0.00771873 -0.0667435 -0.68648 0.00567212 0.99951 -0.0307991 -0.293578 0.0669485 0.0303509 0.997295 13.7009 
0.997805 -0.0105028 -0.0653762 -0.700587 0.00870363 0.999577 -0.0277448 -0.304057 0.06564 0.0271149 0.997475 14.0149 
0.997921 -0.0111567 -0.0634805 -0.720174 0.00959836 0.999646 -0.0248 -0.323632 0.0637347 0.0241391 0.997675 14.346 
0.998076 -0.0101053 -0.0611711 -0.746934 0.0087211 0.999701 -0.0228539 -0.339566 0.0613837 0.0222764 0.997866 14.6895 
0.998182 -0.00966255 -0.0594961 -0.767697 0.00837993 0.999728 -0.02177 -0.351876 0.0596903 0.0212319 0.997991 15.0441 
0.998284 -0.0112987 -0.0574508 -0.789412 0.00994031 0.999666 -0.0238754 -0.354816 0.0577014 0.0232634 0.998063 15.406 
0.9984 -0.0126557 -0.0551048 -0.808772 0.0112946 0.999625 -0.0249418 -0.364625 0.0553998 0.0242795 0.998169 15.7829 
0.998484 -0.012768 -0.0535379 -0.829864 0.0114469 0.999624 -0.02491 -0.376182 0.0538358 0.0242594 0.998255 16.1724 
0.998537 -0.013728 -0.0523039 -0.848861 0.0125213 0.999649 -0.0233301 -0.391395 0.0526059 0.022641 0.998359 16.5746 
0.998601 -0.0143305 -0.0508962 -0.872841 0.0132601 0.999685 -0.0213065 -0.405765 0.0511855 0.0206018 0.998477 16.981 
0.998625 -0.0146006 -0.0503476 -0.88944 0.0136113 0.999709 -0.0199362 -0.417144 0.050624 0.0192235 0.998533 17.3965 
0.998606 -0.0146596 -0.0507093 -0.913204 0.0136862 0.999716 -0.0194897 -0.431714 0.0509806 0.0187685 0.998523 17.8153 
0.998553 -0.014961 -0.0516541 -0.940375 0.0139924 0.99972 -0.0190625 -0.443436 0.0519248 0.0183121 0.998483 18.2481 
0.998496 -0.0147193 -0.0528041 -0.969236 0.0138214 0.999754 -0.0173289 -0.457436 0.0530462 0.016573 0.998455 18.6916 
0.998433 -0.0141712 -0.054127 -0.996864 0.0133299 0.999785 -0.0158716 -0.469157 0.0543403 0.0151252 0.998408 19.146 
0.998402 -0.0126046 -0.0550823 -1.02845 0.0117626 0.999809 -0.0155834 -0.48049 0.0552682 0.0149106 0.99836 19.608 
0.998372 -0.00955051 -0.0562259 -1.06019 0.00862472 0.999824 -0.0166851 -0.493418 0.0563753 0.0161731 0.998279 20.0823 
0.998359 -0.00745806 -0.056769 -1.09501 0.00652338 0.99984 -0.0166322 -0.502545 0.0568839 0.0162346 0.998249 20.552 
0.998335 -0.00699751 -0.0572628 -1.13036 0.00623369 0.999889 -0.0135066 -0.508045 0.057351 0.0131272 0.998268 21.0364 
0.998278 -0.00895444 -0.0579671 -1.15973 0.00845944 0.999926 -0.00877913 -0.516673 0.0580414 0.00827364 0.99828 21.5195 
0.998232 -0.00887534 -0.0587681 -1.18818 0.0085881 0.99995 -0.00513844 -0.523502 0.0588108 0.00462465 0.998258 22.01 
0.998233 -0.00693384 -0.059021 -1.22256 0.00674329 0.999971 -0.003427 -0.537531 0.059043 0.00302295 0.998251 22.4984 
0.998219 -0.00267739 -0.059588 -1.25992 0.00257416 0.999995 -0.00180904 -0.552217 0.0595925 0.00165243 0.998221 22.9857 
0.99818 -0.00201744 -0.0602723 -1.30005 0.00191607 0.999997 -0.00173955 -0.568896 0.0602756 0.0016209 0.99818 23.4703 
0.998099 -0.00401202 -0.0615062 -1.33322 0.00383096 0.999988 -0.00306141 -0.579915 0.0615177 0.00281996 0.998102 23.9642 
0.998047 -0.00751219 -0.0620088 -1.36534 0.00721113 0.999961 -0.00507747 -0.587404 0.0620445 0.0046204 0.998063 24.4594 
0.997994 -0.00862927 -0.0627138 -1.39638 0.00827727 0.999949 -0.00587036 -0.594706 0.0627613 0.00533949 0.998014 24.9608 
0.998052 -0.00640768 -0.0620648 -1.43783 0.00607883 0.999966 -0.00548599 -0.604185 0.0620979 0.00509802 0.998057 25.4638 
0.998124 -0.00416365 -0.0610766 -1.47609 0.00386297 0.99998 -0.00504027 -0.609984 0.0610963 0.00479488 0.99812 25.9786 
0.998171 -0.00359691 -0.0603455 -1.50905 0.00329881 0.999982 -0.00503887 -0.618845 0.0603626 0.00483059 0.998165 26.4952 
0.998235 -0.00487882 -0.059179 -1.54298 0.0046094 0.999978 -0.00468823 -0.630053 0.0592006 0.00440718 0.998236 27.0135 
0.998281 -0.00628155 -0.0582662 -1.57271 0.00601217 0.99997 -0.00479739 -0.640859 0.0582946 0.00443884 0.99829 27.5351 
0.99835 -0.00777561 -0.056895 -1.60711 0.00751979 0.999961 -0.0047091 -0.652375 0.0569294 0.00427349 0.998369 28.0579 
0.998403 -0.00893767 -0.0557796 -1.63742 0.0086885 0.999951 -0.00470803 -0.663767 0.055819 0.00421587 0.998432 28.5912 
0.99846 -0.0101708 -0.0545306 -1.66996 0.00994046 0.99994 -0.00449429 -0.677854 0.054573 0.00394531 0.998502 29.1192 
0.998525 -0.00947291 -0.053464 -1.69964 0.00924624 0.999947 -0.00448554 -0.684589 0.0535036 0.00398459 0.99856 29.6582 
0.998566 -0.00994045 -0.052604 -1.73067 0.00968625 0.99994 -0.00508508 -0.693647 0.0526514 0.00456825 0.998603 30.1958 
0.998613 -0.0104304 -0.0516068 -1.76242 0.0101611 0.999933 -0.0054795 -0.702872 0.0516605 0.00494752 0.998652 30.7374 
0.998622 -0.0109442 -0.05132 -1.78785 0.0106721 0.999928 -0.00557457 -0.712236 0.0513773 0.0050192 0.998667 31.2852 
0.998625 -0.011757 -0.0510837 -1.81819 0.0114902 0.999919 -0.0055144 -0.725698 0.0511443 0.00491985 0.998679 31.8316 
0.998654 -0.0118913 -0.0504837 -1.85436 0.0116058 0.999915 -0.00594409 -0.739323 0.0505501 0.00535019 0.998707 32.3886 
0.99867 -0.0121813 -0.0501025 -1.88615 0.0119035 0.999912 -0.00583947 -0.75726 0.0501692 0.00523531 0.998727 32.9513 
0.99864 -0.0129019 -0.0505045 -1.90984 0.0125949 0.9999 -0.00639325 -0.768841 0.0505819 0.00574846 0.998703 33.5225 
0.998644 -0.0134528 -0.0502964 -1.93915 0.0131055 0.999888 -0.00722921 -0.779387 0.0503881 0.00656024 0.998708 34.0933 
0.998657 -0.013637 -0.0499735 -1.97658 0.0132786 0.999884 -0.00749776 -0.792074 0.05007 0.00682411 0.998722 34.6707 
0.998653 -0.0138242 -0.0500168 -2.01186 0.01348 0.999883 -0.00721287 -0.807189 0.0501107 0.00652893 0.998722 35.2547 
0.998637 -0.0141522 -0.0502466 -2.04663 0.0138121 0.999879 -0.00711058 -0.820372 0.0503412 0.00640687 0.998712 35.8444 
0.998636 -0.0141569 -0.0502492 -2.08162 0.0138073 0.999878 -0.00729764 -0.830687 0.0503464 0.00659388 0.99871 36.4398 
0.998622 -0.0145021 -0.050445 -2.11409 0.0141668 0.999875 -0.00699912 -0.839999 0.0505402 0.00627483 0.998702 37.0414 
0.998556 -0.0156696 -0.0513854 -2.14389 0.0153857 0.999864 -0.00591519 -0.854842 0.0514711 0.00511605 0.998661 37.6447 
0.998535 -0.0153359 -0.0518969 -2.17758 0.015079 0.999872 -0.00533814 -0.862365 0.0519721 0.00454777 0.998638 38.2528 
0.998496 -0.0154297 -0.0526154 -2.21213 0.0151965 0.999873 -0.00482977 -0.876058 0.0526833 0.00402293 0.998603 38.8535 
0.99843 -0.0153484 -0.053867 -2.247 0.0151337 0.999876 -0.00439126 -0.885583 0.0539277 0.00356916 0.998538 39.4584 
0.998374 -0.0156266 -0.0548196 -2.28333 0.0154059 0.999871 -0.00444629 -0.893441 0.054882 0.00359451 0.998486 40.0634 
0.998289 -0.0168838 -0.0559761 -2.31638 0.0166518 0.999851 -0.00460839 -0.911835 0.0560455 0.0036684 0.998421 40.6777 
0.998238 -0.0171783 -0.0568007 -2.3573 0.0169166 0.999844 -0.0050847 -0.923307 0.0568792 0.00411486 0.998373 41.2794 
0.998182 -0.0169474 -0.0578442 -2.39815 0.0166518 0.999846 -0.00558894 -0.935723 0.05793 0.00461557 0.99831 41.8891 
0.99808 -0.0180445 -0.0592487 -2.43492 0.0176838 0.999822 -0.00660674 -0.945495 0.0593573 0.00554631 0.998221 42.4983 
0.998005 -0.0178871 -0.0605497 -2.46991 0.0175501 0.999827 -0.00609269 -0.96347 0.0606483 0.00501788 0.998147 43.1094 
0.99789 -0.0199216 -0.0617917 -2.5104 0.0196583 0.999795 -0.00486614 -0.98503 0.061876 0.00364115 0.998077 43.723 
0.997803 -0.0203992 -0.0630287 -2.55213 0.0201673 0.999787 -0.00431361 -0.998504 0.0631032 0.00303302 0.998002 44.335 
0.997714 -0.0199288 -0.0645665 -2.58835 0.0196729 0.999796 -0.00459659 -1.00744 0.0646449 0.00331587 0.997903 44.9537 
0.997629 -0.0192217 -0.0660853 -2.62636 0.0188329 0.999802 -0.00650139 -1.01843 0.0661971 0.0052414 0.997793 45.5704 
0.997507 -0.0196826 -0.067769 -2.66267 0.0190654 0.999771 -0.00974316 -1.03301 0.0679453 0.00842683 0.997653 46.191 
0.997371 -0.0228672 -0.0687612 -2.70299 0.0220483 0.999677 -0.0126455 -1.04933 0.0690282 0.0110962 0.997553 46.8016 
0.997281 -0.0245782 -0.0694703 -2.74364 0.0235947 0.99961 -0.0149428 -1.06001 0.0698105 0.013263 0.997472 47.4157 
0.997218 -0.0250364 -0.0702127 -2.79207 0.0239416 0.999579 -0.0163915 -1.07763 0.0705936 0.0146649 0.997397 48.0229 
0.997214 -0.0225388 -0.0711027 -2.84485 0.0215326 0.999657 -0.0148865 -1.09427 0.0714139 0.013314 0.997358 48.6307 
0.997156 -0.0221282 -0.0720429 -2.89374 0.0214455 0.999718 -0.0102356 -1.10747 0.072249 0.00866151 0.997349 49.2471 
0.99705 -0.0231853 -0.0731745 -2.93912 0.0229513 0.999728 -0.0040371 -1.1186 0.0732483 0.00234574 0.997311 49.8613 
0.997027 -0.0236314 -0.0733368 -2.98891 0.0239607 0.999706 0.00361288 -1.13041 0.0732299 -0.00535934 0.997301 50.4766 
0.997069 -0.0223834 -0.0731562 -3.04173 0.0231971 0.999678 0.010293 -1.14014 0.0729022 -0.0119598 0.997267 51.0901 
0.997178 -0.0213934 -0.071955 -3.09187 0.0224 0.999662 0.0132115 -1.14606 0.0716481 -0.014786 0.99732 51.7132 
0.997257 -0.0208091 -0.0710315 -3.13484 0.0218014 0.999675 0.0132228 -1.15156 0.0707332 -0.0147351 0.997386 52.3266 
0.997412 -0.0207628 -0.0688315 -3.1821 0.0214893 0.999721 0.00983073 -1.15422 0.0686081 -0.0112844 0.99758 52.9356 
0.997545 -0.0200189 -0.067112 -3.22486 0.0204644 0.999773 0.00595802 -1.1555 0.0669775 -0.0073168 0.997728 53.5476 
0.997578 -0.0222504 -0.0659092 -3.26847 0.0224456 0.999746 0.00222261 -1.15574 0.065843 -0.00369659 0.997823 54.1504 
0.99761 -0.0245739 -0.0645796 -3.30834 0.024568 0.999698 -0.000885408 -1.15628 0.0645819 -0.0007033 0.997912 54.7562 
0.997665 -0.0258603 -0.0632154 -3.34432 0.0257641 0.999665 -0.0023374 -1.16443 0.0632547 0.000703255 0.997997 55.3552 
0.997773 -0.0230255 -0.0626031 -3.38506 0.0229487 0.999735 -0.00194598 -1.17291 0.0626313 0.000504985 0.998037 55.9578 
0.997854 -0.0210806 -0.0619995 -3.42895 0.0210147 0.999778 -0.00171467 -1.18874 0.0620219 0.000408091 0.998075 56.5661 
0.9979 -0.0201389 -0.0615696 -3.471 0.0200288 0.999797 -0.00240457 -1.19648 0.0616055 0.00116635 0.9981 57.1744 
0.997863 -0.0204302 -0.0620607 -3.51118 0.020342 0.999791 -0.00205306 -1.20688 0.0620897 0.000786234 0.99807 57.7827 
0.997835 -0.0200079 -0.0626476 -3.55169 0.0198581 0.999798 -0.00301294 -1.21699 0.0626952 0.00176235 0.998031 58.3867 
0.997838 -0.0185993 -0.0630358 -3.59068 0.0183952 0.999824 -0.00381618 -1.22991 0.0630956 0.00264838 0.998004 59.0014 
0.997825 -0.0170693 -0.063667 -3.63461 0.0168749 0.999851 -0.00358989 -1.23874 0.0637188 0.00250771 0.997965 59.6031 
0.997826 -0.0160633 -0.0639173 -3.67976 0.0158616 0.999867 -0.00366158 -1.24804 0.0639676 0.00263979 0.997948 60.2067 
0.99776 -0.016571 -0.0648059 -3.71511 0.016421 0.999861 -0.00284744 -1.25971 0.0648441 0.00177689 0.997894 60.8155 
0.997715 -0.0159869 -0.065648 -3.75433 0.0158539 0.999871 -0.00254737 -1.26744 0.0656803 0.00150077 0.99784 61.4234 
0.997705 -0.0162057 -0.0657468 -3.79819 0.0160947 0.999868 -0.00221718 -1.28055 0.0657741 0.00115392 0.997834 62.0182 
0.997699 -0.0155816 -0.0659891 -3.84316 0.015516 0.999878 -0.00150539 -1.29346 0.0660046 0.000478038 0.997819 62.6128 
0.997678 -0.0156448 -0.0662888 -3.88756 0.015632 0.999878 -0.000712666 -1.30803 0.0662918 -0.000325213 0.9978 63.2045 
0.997655 -0.0161439 -0.0665166 -3.93376 0.0161427 0.99987 -0.000556072 -1.32183 0.0665169 -0.000518989 0.997785 63.7936 
0.997631 -0.0163601 -0.0668174 -3.98037 0.0163774 0.999866 -0.000289192 -1.33374 0.0668132 -0.000805786 0.997765 64.38 
0.997567 -0.0164412 -0.0677488 -4.02566 0.016486 0.999864 0.000101253 -1.34245 0.0677379 -0.00121791 0.997702 64.9653 
0.997519 -0.0153452 -0.0687011 -4.0755 0.0153873 0.999882 8.36735e-05 -1.34643 0.0686917 -0.00114059 0.997637 65.5469 
0.997436 -0.0147498 -0.0700218 -4.11956 0.0147965 0.999891 0.00014947 -1.34939 0.070012 -0.00118517 0.997545 66.1233 
0.997327 -0.013668 -0.0717804 -4.168 0.0137783 0.999905 0.00104169 -1.36125 0.0717593 -0.00202792 0.99742 66.7015 
0.9972 -0.0132621 -0.0735966 -4.22212 0.0134276 0.999908 0.00175341 -1.3718 0.0735666 -0.00273672 0.997287 67.2743 
0.997022 -0.0127867 -0.0760541 -4.26784 0.012981 0.999914 0.00206097 -1.37947 0.0760212 -0.00304209 0.997102 67.8461 
0.996836 -0.0122281 -0.0785403 -4.31617 0.0124722 0.999919 0.00261917 -1.38867 0.0785019 -0.00359046 0.996907 68.4229 
0.996621 -0.011051 -0.0813866 -4.36613 0.0112849 0.999933 0.00241473 -1.39927 0.0813545 -0.00332501 0.99668 68.9999 
0.996385 -0.010929 -0.0842447 -4.42583 0.0111254 0.999936 0.00186179 -1.40774 0.084219 -0.00279231 0.996443 69.565 
0.996075 -0.0108153 -0.0878491 -4.48298 0.0109135 0.99994 0.000638042 -1.41146 0.087837 -0.00159428 0.996134 70.1331 
0.995799 -0.0112506 -0.0908762 -4.54092 0.0112989 0.999936 1.70348e-05 -1.42072 0.0908702 -0.00104376 0.995862 70.6952 
0.995472 -0.0110358 -0.0944077 -4.599 0.0109305 0.999939 -0.00163194 -1.42687 0.09442 0.000592627 0.995532 71.2536 
0.995123 -0.010889 -0.098036 -4.65663 0.010656 0.999939 -0.00289958 -1.43279 0.0980615 0.00184077 0.995179 71.8023 
0.994714 -0.0115772 -0.102025 -4.71296 0.0112561 0.99993 -0.00372207 -1.44191 0.102061 0.002554 0.994775 72.3423 
0.994357 -0.0119494 -0.105414 -4.7719 0.0115574 0.999924 -0.00432873 -1.45159 0.105458 0.00308598 0.994419 72.8776 
0.994116 -0.0122915 -0.107625 -4.83553 0.0118999 0.99992 -0.00427982 -1.46044 0.107669 0.00297391 0.994182 73.4101 
0.994029 -0.01166 -0.108493 -4.89482 0.0113451 0.999929 -0.00351883 -1.47238 0.108526 0.00226695 0.994091 73.9216 
0.994142 -0.0106359 -0.10756 -4.95372 0.0103582 0.999941 -0.00314036 -1.4788 0.107587 0.00200784 0.994194 74.4236 
0.994433 -0.00851865 -0.105022 -5.00485 0.0083022 0.999962 -0.00249803 -1.49345 0.105039 0.00161222 0.994467 74.9004 
0.994968 -0.0070568 -0.099947 -5.05038 0.00688788 0.999974 -0.00203507 -1.50126 0.0999587 0.00133641 0.994991 75.3741 
0.995799 -0.00524742 -0.0914161 -5.09013 0.00506434 0.999985 -0.00223463 -1.50692 0.0914264 0.00176228 0.99581 75.8321 
0.997001 -0.00222695 -0.0773618 -5.12542 0.00209703 0.999996 -0.00176056 -1.51483 0.0773654 0.00159305 0.997002 76.2767 
0.99833 0.000766664 -0.0577667 -5.14185 -0.00081281 0.999999 -0.000775333 -1.52287 0.057766 0.000820991 0.99833 76.7091 
0.999474 0.00241974 -0.0323449 -5.14507 -0.00242261 0.999997 -4.93759e-05 -1.53118 0.0323446 0.000127709 0.999477 77.132 
0.999997 0.00212288 -0.001493 -5.12469 -0.00212263 0.999998 0.000165806 -1.53605 0.00149334 -0.000162636 0.999999 77.5557 
0.999392 0.000198399 0.034861 -5.08537 -0.000203243 1 0.000135417 -1.54361 -0.034861 -0.000142419 0.999392 77.9602 
0.997043 -0.00142635 0.0768335 -5.03253 0.0014056 0.999999 0.00032415 -1.54935 -0.0768339 -0.000215195 0.997044 78.3588 
0.992393 -0.00396954 0.123046 -4.95012 0.00395187 0.999992 0.000387671 -1.55337 -0.123046 0.000101538 0.992401 78.7502 
0.984895 -0.00681729 0.173017 -4.84775 0.00684877 0.999976 0.00041499 -1.55755 -0.173016 0.000776231 0.984919 79.1285 
0.974174 -0.0109329 0.225532 -4.7174 0.0110639 0.999939 0.000683116 -1.56233 -0.225526 0.00182979 0.974235 79.5018 
0.959714 -0.014693 0.280593 -4.56672 0.0147751 0.999889 0.00182282 -1.56997 -0.280588 0.0023964 0.959825 79.8551 
0.941024 -0.0201186 0.337742 -4.39601 0.019869 0.999794 0.00419638 -1.56929 -0.337756 0.00276169 0.941229 80.19 
0.918412 -0.0238259 0.394908 -4.20641 0.0228239 0.999713 0.00723543 -1.57327 -0.394967 0.00236822 0.918692 80.5137 
0.891686 -0.0297042 0.45168 -3.99262 0.0277586 0.999555 0.0109349 -1.57539 -0.451804 0.00278754 0.892113 80.8158 
0.861698 -0.0333303 0.506326 -3.76946 0.0303596 0.999439 0.0141229 -1.57917 -0.506513 0.0032022 0.862226 81.1022 
0.827778 -0.0328757 0.560091 -3.52364 0.029955 0.999448 0.014393 -1.57506 -0.560255 0.00486331 0.828306 81.3792 
0.789525 -0.0297239 0.612998 -3.26679 0.0259417 0.99955 0.0150553 -1.57192 -0.61317 0.00401567 0.789941 81.648 
0.747315 -0.0264012 0.663945 -2.98533 0.0198459 0.999651 0.0174123 -1.56563 -0.664173 0.00016409 0.747579 81.912 
0.700912 -0.0257765 0.712782 -2.68489 0.016069 0.999664 0.0203497 -1.56339 -0.713067 -0.00280965 0.70109 82.151 
0.650123 -0.0280542 0.759311 -2.36066 0.0165756 0.999604 0.0227402 -1.55796 -0.759648 -0.00219784 0.65033 82.3741 
0.596542 -0.0295921 0.802036 -2.02127 0.016022 0.99956 0.0249632 -1.55676 -0.802422 -0.00204136 0.596753 82.5625 
0.538784 -0.0278033 0.841985 -1.67124 0.0103696 0.999598 0.0263725 -1.55477 -0.84238 -0.00547806 0.538856 82.7442 
0.479698 -0.0271353 0.877014 -1.31506 0.007575 0.999613 0.0267853 -1.55264 -0.877401 -0.00620547 0.479717 82.8963 
0.423356 -0.0279321 0.905533 -0.938337 0.00743937 0.999598 0.0273556 -1.54982 -0.905933 -0.00484456 0.423393 83.024 
0.371099 -0.0292409 0.928133 -0.545984 0.0107812 0.999572 0.0271809 -1.54801 -0.928531 -8.04199e-05 0.371256 83.1253 
0.322344 -0.0296713 0.946157 -0.156251 0.0130814 0.999553 0.0268891 -1.54507 -0.946532 0.00370951 0.322588 83.2177 
0.27825 -0.028986 0.960071 0.244501 0.0134271 0.999564 0.0262869 -1.53531 -0.960415 0.00557668 0.278518 83.3023 
0.238421 -0.0288361 0.970734 0.656841 0.0129311 0.999565 0.0265166 -1.52697 -0.971076 0.00623057 0.23869 83.3801 
0.202468 -0.0283597 0.978878 1.07898 0.0131042 0.99957 0.0262488 -1.51788 -0.979201 0.00751288 0.202753 83.4402 
0.170818 -0.0277146 0.984913 1.5073 0.0142899 0.999569 0.0256487 -1.5127 -0.985199 0.00969304 0.17114 83.4924 
0.142932 -0.0267408 0.989371 1.94052 0.0152487 0.999576 0.0248137 -1.50335 -0.989615 0.0115399 0.143279 83.5357 
0.118213 -0.0260327 0.992647 2.38326 0.0158313 0.999579 0.0243291 -1.4998 -0.992862 0.0128388 0.118576 83.5743 
0.0963399 -0.0258112 0.995014 2.82719 0.016304 0.999571 0.0243508 -1.49637 -0.995215 0.0138768 0.0967193 83.6063 
0.0778431 -0.0249937 0.996652 3.28758 0.0181352 0.999556 0.0236501 -1.48858 -0.996801 0.0162335 0.0782618 83.6265 
0.0615266 -0.0231615 0.997837 3.75723 0.019923 0.99956 0.0219731 -1.4774 -0.997907 0.018528 0.061961 83.6489 
0.0481174 -0.021598 0.998608 4.24115 0.021071 0.999566 0.0206034 -1.47012 -0.998619 0.0200503 0.0485516 83.6657 
0.038114 -0.0207262 0.999058 4.74121 0.0216104 0.999568 0.0199123 -1.46051 -0.99904 0.0208311 0.0385454 83.6808 
0.0318504 -0.0209077 0.999274 5.256 0.0221846 0.99955 0.0202064 -1.45427 -0.999246 0.0215249 0.0322999 83.6922 
0.0276294 -0.021013 0.999397 5.78346 0.0233698 0.999519 0.0203695 -1.44966 -0.999345 0.022793 0.0281072 83.7003 
0.025218 -0.0208669 0.999464 6.32098 0.0231885 0.999525 0.0202831 -1.44057 -0.999413 0.0226646 0.0256899 83.712 
0.0244858 -0.0221918 0.999454 6.87905 0.0230715 0.9995 0.0216276 -1.43776 -0.999434 0.0225293 0.0249855 83.7293 
0.0257877 -0.0230612 0.999401 7.45232 0.0228887 0.999485 0.0224725 -1.42982 -0.999405 0.0222954 0.0263022 83.7517 
0.0284473 -0.023635 0.999316 8.04291 0.0229225 0.999473 0.0229862 -1.41542 -0.999332 0.022253 0.0289741 83.7699 
0.0313833 -0.0239804 0.99922 8.64456 0.0231435 0.999462 0.0232593 -1.39893 -0.999239 0.0223955 0.0319214 83.791 
0.0349882 -0.0239009 0.999102 9.26454 0.0225904 0.999477 0.0231188 -1.38205 -0.999132 0.0217612 0.0355099 83.8178 
0.0387279 -0.0241966 0.998957 9.89937 0.0229893 0.999464 0.0233176 -1.37559 -0.998985 0.0220623 0.0392634 83.8483 
0.042803 -0.0255844 0.998756 10.5463 0.0230386 0.999432 0.0246143 -1.3618 -0.998818 0.0219563 0.0433681 83.8793 
0.0473857 -0.0267765 0.998518 11.196 0.0236521 0.99939 0.0256775 -1.35219 -0.998597 0.0224003 0.0479901 83.9135 
0.0521754 -0.0277393 0.998253 11.8563 0.0246204 0.999346 0.0264829 -1.33875 -0.998334 0.0231956 0.0528242 83.9548 
0.0564265 -0.0292962 0.997977 12.5228 0.0263239 0.999266 0.0278456 -1.32597 -0.99806 0.0246994 0.0571563 83.999 
0.0609378 -0.0300977 0.997688 13.1985 0.0276693 0.999212 0.0284537 -1.31331 -0.997758 0.0258714 0.0617226 84.0467 
0.0656752 -0.0313768 0.997348 13.8798 0.0282601 0.999163 0.029573 -1.30123 -0.997441 0.0262429 0.066507 84.0971 
0.0701076 -0.0327024 0.997003 14.5623 0.0284001 0.999123 0.0307749 -1.28945 -0.997135 0.0261574 0.0709749 84.1551 
0.0749887 -0.0325873 0.996652 15.2509 0.0289581 0.999116 0.030489 -1.2734 -0.996764 0.0265748 0.075866 84.2106 
0.0782758 -0.0327477 0.996394 15.9388 0.0292775 0.999105 0.0305367 -1.2573 -0.996502 0.0267816 0.0791645 84.2674 
0.0792502 -0.0326492 0.99632 16.6344 0.0282457 0.999136 0.0304948 -1.24558 -0.996455 0.0257251 0.0801039 84.3288 
0.0792305 -0.0320155 0.996342 17.3406 0.0277318 0.999168 0.0299011 -1.23463 -0.996471 0.0252613 0.0800524 84.3866 
0.0788678 -0.0315854 0.996385 18.0549 0.0282153 0.999168 0.0294403 -1.22361 -0.996486 0.0257914 0.0796934 84.446 
0.078343 -0.0308475 0.996449 18.7739 0.030214 0.999135 0.0285552 -1.20989 -0.996469 0.0278696 0.0792073 84.5027 
0.078181 -0.0306479 0.996468 19.5001 0.0316122 0.999101 0.0282486 -1.19791 -0.996438 0.029292 0.0790796 84.5573 
0.0777096 -0.0317899 0.996469 20.2334 0.0328352 0.999031 0.029311 -1.18893 -0.996435 0.0304415 0.0786781 84.6111 
0.0773988 -0.0324711 0.996471 20.9696 0.0330571 0.999004 0.029986 -1.17723 -0.996452 0.0306196 0.0783951 84.669 
0.0769174 -0.0326068 0.996504 21.7078 0.0342573 0.998961 0.030043 -1.1637 -0.996449 0.0318267 0.0779545 84.7277 
0.0765984 -0.0323889 0.996536 22.446 0.034638 0.998955 0.0298051 -1.15094 -0.99646 0.0322349 0.0776403 84.7851 
0.0765897 -0.0310417 0.996579 23.1805 0.0348294 0.998989 0.02844 -1.14019 -0.996454 0.032532 0.0775934 84.8464 
0.0767164 -0.0293772 0.99662 23.9129 0.0354638 0.999014 0.0267179 -1.1312 -0.996422 0.0332942 0.0776826 84.9077 
0.0770115 -0.0292949 0.9966 24.6505 0.0374821 0.998947 0.0264675 -1.1246 -0.996325 0.0353164 0.0780284 84.9645 
0.0775503 -0.0294547 0.996553 25.382 0.039052 0.998886 0.0264847 -1.11839 -0.996223 0.0368635 0.0786142 85.0246 
0.0776428 -0.0307788 0.996506 26.1217 0.039858 0.99882 0.0277447 -1.10463 -0.996184 0.0375645 0.078778 85.0906 
0.0778679 -0.0333367 0.996406 26.8666 0.0400831 0.998737 0.0302823 -1.09742 -0.996158 0.037581 0.0791058 85.1597 
0.0785092 -0.0343297 0.996322 27.6069 0.0400333 0.998709 0.0312573 -1.0825 -0.996109 0.037432 0.0797822 85.2189 
0.0790133 -0.0348785 0.996263 28.3439 0.040455 0.998677 0.0317545 -1.07642 -0.996052 0.0377948 0.0803198 85.2785 
0.0792004 -0.0337206 0.996288 29.0843 0.0399764 0.998731 0.0306253 -1.05888 -0.996057 0.0374025 0.0804479 85.3452 
0.0777126 -0.0326195 0.996442 29.818 0.0383219 0.998824 0.0297087 -1.04731 -0.996239 0.0358768 0.0788712 85.4106 
0.075675 -0.0320771 0.996616 30.5557 0.0362859 0.998909 0.0293956 -1.03261 -0.996472 0.0339386 0.0767564 85.4685 
0.0739183 -0.0319785 0.996751 31.2905 0.0350097 0.998953 0.0294528 -1.02119 -0.99665 0.0327189 0.0749605 85.5222 
0.0717433 -0.0317865 0.996917 32.0297 0.0340927 0.998986 0.029399 -1.00486 -0.99684 0.0318784 0.0727542 85.5834 
0.0699142 -0.032115 0.997036 32.7675 0.0341565 0.998973 0.0297822 -0.995588 -0.996968 0.0319731 0.0709393 85.6371 
0.0678184 -0.032189 0.997178 33.5051 0.0341131 0.99897 0.0299268 -0.987823 -0.997114 0.0319872 0.0688466 85.6907 
0.0664963 -0.0318875 0.997277 34.234 0.0331468 0.999008 0.0297327 -0.975074 -0.997236 0.0310794 0.0674873 85.741 
0.0651627 -0.0319303 0.997364 34.9646 0.0327232 0.999019 0.0298454 -0.9593 -0.997338 0.0306921 0.0661436 85.7961 
0.0641471 -0.0328453 0.9974 35.6994 0.0340673 0.998948 0.0307053 -0.947967 -0.997359 0.0320091 0.0651985 85.8442 
0.0643438 -0.0332487 0.997374 36.4398 0.0348709 0.998909 0.0310503 -0.938322 -0.997318 0.0327814 0.065433 85.892 
0.0644447 -0.0336282 0.997355 37.1721 0.035797 0.998867 0.0313661 -0.926272 -0.997279 0.0336809 0.0655754 85.943 
0.064682 -0.0331965 0.997354 37.903 0.0358773 0.998878 0.0309205 -0.911816 -0.997261 0.0337824 0.0658004 85.9976 
0.0651544 -0.0327747 0.997337 38.6424 0.0362302 0.998879 0.0304585 -0.894937 -0.997217 0.0341492 0.0662688 86.0468 
0.0653497 -0.0327568 0.997325 39.3764 0.0362945 0.998878 0.0304296 -0.887921 -0.997202 0.0342089 0.0664652 86.1011 
0.0654141 -0.0330007 0.997312 40.1073 0.0359583 0.998882 0.0306941 -0.876523 -0.99721 0.0338538 0.0665276 86.1573 
0.0659171 -0.0333387 0.997268 40.8491 0.035555 0.998885 0.0310427 -0.865719 -0.997191 0.0334117 0.067029 86.2128 
0.065869 -0.0336188 0.997262 41.5836 0.0354289 0.998881 0.0313334 -0.84871 -0.997199 0.033268 0.0669863 86.2657 
0.065806 -0.033214 0.99728 42.3155 0.0346367 0.99892 0.0309831 -0.837086 -0.997231 0.0325036 0.0668853 86.3222 
0.0654904 -0.0333868 0.997295 43.0563 0.0338516 0.998939 0.0312189 -0.822298 -0.997279 0.0317154 0.0665511 86.3723 
0.064998 -0.033452 0.997325 43.7926 0.0337363 0.99894 0.0313075 -0.815177 -0.997315 0.0316112 0.0660577 86.4183 
0.0646058 -0.0330976 0.997362 44.5196 0.0339321 0.998945 0.0309521 -0.794827 -0.997334 0.0318429 0.0656607 86.4728 
0.0636157 -0.0336972 0.997405 45.2473 0.0345113 0.998906 0.0315468 -0.783281 -0.997378 0.0324149 0.064709 86.5276 
0.0629027 -0.0332979 0.997464 45.9879 0.0350677 0.9989 0.0311344 -0.767981 -0.997403 0.0330203 0.0640012 86.5741 
0.0622634 -0.0331443 0.997509 46.7288 0.0362948 0.998863 0.0309238 -0.759855 -0.9974 0.034279 0.0633956 86.6201 
0.0615839 -0.0324606 0.997574 47.4625 0.0360291 0.998892 0.0302792 -0.750469 -0.997451 0.034077 0.0626851 86.6698 
0.0614588 -0.0321275 0.997592 48.1974 0.0361065 0.998899 0.0299451 -0.734283 -0.997456 0.0341792 0.0625512 86.7176 
0.0614815 -0.0325225 0.997578 48.9307 0.0361033 0.998887 0.0303401 -0.722069 -0.997455 0.0341505 0.0625872 86.7617 
0.0611014 -0.033053 0.997584 49.6699 0.036206 0.998867 0.0308779 -0.712549 -0.997475 0.0342318 0.0622289 86.8101 
0.0608502 -0.03312 0.997597 50.4126 0.0354155 0.998892 0.0310027 -0.700206 -0.997518 0.0334439 0.0619558 86.8618 
0.0604884 -0.0334301 0.997609 51.1552 0.0345773 0.998909 0.0313772 -0.69251 -0.99757 0.0325967 0.0615783 86.9103 
0.0603879 -0.0331587 0.997624 51.8932 0.0337154 0.998946 0.0311618 -0.681668 -0.997605 0.0317535 0.0614422 86.9591 
0.0602324 -0.0329891 0.997639 52.6392 0.0339065 0.998945 0.0309852 -0.670093 -0.997608 0.0319601 0.0612873 87.011 
0.0601204 -0.0327228 0.997655 53.382 0.0343065 0.99894 0.0306976 -0.650537 -0.997601 0.0323805 0.0611792 87.0527 
0.0600931 -0.0329073 0.99765 54.116 0.0343909 0.998931 0.030878 -0.63922 -0.9976 0.0324545 0.0611605 87.1001 
0.0598149 -0.0337588 0.997638 54.8514 0.0341159 0.998913 0.0317564 -0.629601 -0.997626 0.0321358 0.0609016 87.1459 
0.0595278 -0.0342762 0.997638 55.5847 0.034397 0.998887 0.0322667 -0.619977 -0.997634 0.032395 0.0606406 87.1944 
0.0598429 -0.034312 0.997618 56.3166 0.0360855 0.99883 0.0321891 -0.606843 -0.997555 0.0340732 0.061011 87.2361 
0.059834 -0.0349993 0.997595 57.0462 0.0373161 0.998765 0.0328022 -0.595096 -0.997511 0.0352637 0.0610661 87.2761 
0.0599799 -0.0345425 0.997602 57.7698 0.0369958 0.998791 0.0323593 -0.586316 -0.997514 0.0349662 0.0611853 87.3228 
0.0602341 -0.0340667 0.997603 58.4937 0.0371953 0.9988 0.0318618 -0.56882 -0.997491 0.035187 0.061429 87.3672 
0.0603977 -0.033709 0.997605 59.2186 0.0368929 0.998822 0.0315166 -0.552866 -0.997492 0.034901 0.0615701 87.4122 
0.0605878 -0.0330604 0.997615 59.9354 0.0366947 0.99885 0.0308727 -0.536592 -0.997488 0.0347366 0.0617313 87.4584 
0.0604531 -0.0324597 0.997643 60.6472 0.0367862 0.998865 0.0302703 -0.520302 -0.997493 0.0348695 0.0615785 87.5023 
0.0606747 -0.0323175 0.997634 61.3615 0.0359553 0.998898 0.0301717 -0.509565 -0.99751 0.0340396 0.0617698 87.5465 
0.0605117 -0.0321104 0.997651 62.0679 0.03517 0.99893 0.0300184 -0.496495 -0.997548 0.0332709 0.0615763 87.5998 
0.0605393 -0.0319527 0.997654 62.7669 0.0342527 0.998965 0.0299162 -0.47862 -0.997578 0.0323613 0.0615711 87.6443 
0.0615053 -0.0317117 0.997603 63.4729 0.0336335 0.998993 0.0296823 -0.463796 -0.99754 0.0317273 0.06251 87.6824 
0.0621153 -0.0324359 0.997542 64.1697 0.0335385 0.998975 0.0303941 -0.453753 -0.997505 0.0315681 0.0631395 87.7264 
0.062817 -0.0328988 0.997483 64.8703 0.0333001 0.998969 0.0308507 -0.44526 -0.997469 0.0312783 0.0638477 87.7708 
0.0640253 -0.0331689 0.997397 65.5629 0.0337957 0.998946 0.031051 -0.435891 -0.997376 0.0317197 0.0650788 87.8173 
0.0650814 -0.0337324 0.99731 66.2552 0.0342893 0.998914 0.0315491 -0.425119 -0.997291 0.0321438 0.0661674 87.8678 
0.0666258 -0.0344712 0.997182 66.9453 0.0343061 0.998891 0.0322382 -0.419964 -0.997188 0.0320616 0.0677345 87.917 
0.0689232 -0.035009 0.997007 67.6283 0.0341773 0.99888 0.0327121 -0.407797 -0.997036 0.0318204 0.0700426 87.9644 
0.0708306 -0.0358037 0.996846 68.3078 0.0352862 0.99882 0.0333674 -0.39801 -0.996864 0.0328114 0.0720104 88.015 
0.0729709 -0.0364829 0.996667 68.985 0.0360051 0.998776 0.033924 -0.389737 -0.996684 0.0334096 0.0741951 88.069 
0.0756251 -0.0366352 0.996463 69.6609 0.0359847 0.998774 0.0339892 -0.375855 -0.996487 0.033287 0.0768507 88.1189 
0.0777063 -0.0364283 0.996311 70.3324 0.0351437 0.998811 0.0337787 -0.364704 -0.996357 0.0323892 0.0788941 88.1802 
0.0807632 -0.0358506 0.996088 70.9958 0.0357266 0.998815 0.033052 -0.345272 -0.996093 0.0329175 0.0819484 88.2296 
0.0830506 -0.0361473 0.99589 71.6569 0.0361929 0.998792 0.0332344 -0.331594 -0.995888 0.033284 0.0842586 88.2953 
0.0849388 -0.0370621 0.995697 72.3011 0.0355926 0.998783 0.0341407 -0.319517 -0.99575 0.0325396 0.0861545 88.3583 
0.0870875 -0.0373944 0.995499 72.9323 0.0343605 0.998813 0.034513 -0.308018 -0.995608 0.0312001 0.0882691 88.4244 
0.0891265 -0.0368341 0.995339 73.5496 0.0343888 0.998834 0.0338841 -0.292616 -0.995426 0.0312085 0.0902893 88.4919 
0.0926668 -0.0361372 0.995041 74.1467 0.0343661 0.998862 0.0330755 -0.277782 -0.995104 0.0311306 0.0938033 88.5439 
0.0968919 -0.0356242 0.994657 74.7327 0.0344472 0.998881 0.0324199 -0.269494 -0.994699 0.031122 0.0980106 88.6013 
0.101655 -0.0345917 0.994218 75.3005 0.0329547 0.998964 0.0313873 -0.256589 -0.994274 0.0295735 0.10269 88.6599 
0.106329 -0.033518 0.993766 75.8602 0.0318196 0.999035 0.0302911 -0.241241 -0.993822 0.0284004 0.107293 88.7143 
0.110565 -0.0326952 0.993331 76.4061 0.0316877 0.999067 0.0293569 -0.227953 -0.993364 0.0282306 0.111498 88.7727 
0.11436 -0.0323957 0.992911 76.9423 0.0313787 0.999087 0.0289831 -0.221142 -0.992944 0.0278418 0.115272 88.8392 
0.117731 -0.0325009 0.992514 77.4629 0.0319785 0.99907 0.0289223 -0.215427 -0.99253 0.028334 0.118661 88.9002 
0.119672 -0.032769 0.992272 77.9617 0.0305082 0.999105 0.0293152 -0.212624 -0.992345 0.0267642 0.120565 88.9681 
0.119795 -0.0332139 0.992243 78.4467 0.0275402 0.999167 0.0301207 -0.21846 -0.992417 0.0237183 0.12061 89.0334 
0.117127 -0.0306407 0.992644 78.9176 0.0244587 0.99931 0.0279604 -0.191457 -0.992816 0.0210039 0.117795 89.0956 
0.110876 -0.0296111 0.993393 79.3727 0.0220731 0.999383 0.0273259 -0.179635 -0.993589 0.0188975 0.111461 89.1464 
0.0990139 -0.0274133 0.994708 79.8118 0.0185809 0.999497 0.0256957 -0.153488 -0.994913 0.0159383 0.0994735 89.18 
0.0792083 -0.0254693 0.996533 80.2365 0.0163763 0.999572 0.0242453 -0.128007 -0.996724 0.0143991 0.0795915 89.2007 
0.0509984 -0.0266263 0.998344 80.6269 0.0155792 0.999544 0.0258624 -0.134792 -0.998577 0.0142345 0.05139 89.2122 
0.0158514 -0.0267034 0.999518 81.0191 0.0145575 0.999544 0.0264732 -0.138511 -0.999768 0.0141309 0.0162329 89.1972 
-0.0271663 -0.0247681 0.999324 81.4029 0.0142084 0.999582 0.0251608 -0.121431 -0.99953 0.0148824 -0.026803 89.1614 
-0.077041 -0.0250834 0.996712 81.7752 0.0132586 0.999569 0.0261801 -0.11644 -0.99694 0.015232 -0.0766753 89.0999 
-0.135516 -0.0253877 0.99045 82.1375 0.0136763 0.999528 0.0274916 -0.118046 -0.990681 0.0172713 -0.135105 89.0277 
-0.197844 -0.0233217 0.979956 82.4864 0.0150492 0.999527 0.0268257 -0.110911 -0.980118 0.0200548 -0.1974 88.9176 
-0.264353 -0.0216614 0.964183 82.8189 0.0181126 0.99946 0.0274199 -0.10351 -0.964256 0.0247123 -0.263818 88.781 
-0.332266 -0.0210534 0.942951 83.1391 0.021319 0.999328 0.0298242 -0.0847067 -0.942945 0.0300123 -0.331593 88.6177 
-0.399814 -0.0222841 0.916326 83.4372 0.0245319 0.999086 0.0350006 -0.0685274 -0.916268 0.036473 -0.398902 88.4386 
-0.46319 -0.0220311 0.885985 83.7034 0.026348 0.998907 0.0386138 -0.0516728 -0.885867 0.0412295 -0.462103 88.2311 
-0.526651 -0.0203635 0.849838 83.9618 0.0251024 0.998905 0.0394915 -0.0273631 -0.849711 0.0421312 -0.525563 88.025 
-0.587901 -0.022009 0.808634 84.1963 0.0193544 0.998961 0.0412604 -0.00370792 -0.808701 0.0399077 -0.586864 87.8015 
-0.6466 -0.0231899 0.762476 84.4159 0.0161777 0.998896 0.0440994 0.0222137 -0.762657 0.0408498 -0.645511 87.5587 
-0.701079 -0.0235372 0.712695 84.6096 0.0141362 0.9988 0.0468918 0.0355478 -0.712943 0.0429496 -0.699905 87.2997 
-0.752464 -0.0239608 0.658198 84.795 0.0109459 0.998745 0.0488716 0.048926 -0.658543 0.0439787 -0.751257 87.0196 
-0.797287 -0.0194652 0.603287 84.9459 0.0121816 0.998757 0.048324 0.0663366 -0.603478 0.0458771 -0.796059 86.7276 
-0.835413 -0.0164822 0.549376 85.0862 0.0116307 0.998796 0.047652 0.0740201 -0.5495 0.0461987 -0.834216 86.4204 
-0.868564 -0.0135531 0.495392 85.2106 0.0106208 0.998887 0.0459491 0.0807625 -0.495464 0.0451711 -0.867453 86.1126 
-0.896265 -0.0166362 0.443207 85.337 0.00425214 0.998928 0.0460947 0.0918308 -0.443498 0.0431976 -0.895234 85.79 
-0.917748 -0.0202026 0.396648 85.4468 -0.00113069 0.998834 0.0482577 0.103318 -0.397161 0.0438399 -0.916701 85.4591 
-0.934955 -0.023188 0.354007 85.5513 -0.00543855 0.998681 0.0510516 0.113863 -0.354724 0.0458057 -0.933849 85.1106 
-0.949213 -0.0233361 0.313769 85.6319 -0.00713391 0.998586 0.0526868 0.130537 -0.314554 0.0477726 -0.948037 84.7583 
-0.960918 -0.0239842 0.275794 85.7056 -0.00967601 0.998541 0.0531244 0.136906 -0.276665 0.0483796 -0.959748 84.3967 
-0.970215 -0.0244559 0.241008 85.7695 -0.0120559 0.998533 0.0527916 0.154355 -0.241946 0.0483136 -0.969086 84.032 
-0.977742 -0.0255158 0.208255 85.8309 -0.014797 0.998492 0.052866 0.167339 -0.20929 0.0486077 -0.976645 83.6545 
-0.983519 -0.0260455 0.178919 85.8827 -0.0168074 0.998455 0.0529563 0.181479 -0.180022 0.0490763 -0.982438 83.2618 
-0.987891 -0.0254401 0.153047 85.9262 -0.0176043 0.998474 0.0523377 0.201051 -0.154145 0.0490097 -0.986832 82.8544 
-0.991132 -0.023607 0.130766 85.9653 -0.0169824 0.998526 0.0515459 0.219974 -0.13179 0.0488681 -0.990072 82.4387 
-0.993437 -0.0230414 0.112034 86.0013 -0.0174075 0.998547 0.0510083 0.239082 -0.113046 0.0487234 -0.992394 82.0093 
-0.995039 -0.0232113 0.0967449 86.0311 -0.0183783 0.998552 0.0505508 0.254944 -0.0977782 0.048522 -0.994025 81.5691 
-0.996156 -0.0228187 0.0845675 86.0693 -0.0186288 0.998575 0.0500071 0.279464 -0.0855881 0.0482395 -0.995162 81.1012 
-0.996926 -0.0217268 0.0752699 86.1018 -0.0180234 0.99861 0.0495363 0.296431 -0.0762415 0.0480275 -0.995932 80.6309 
-0.997431 -0.020284 0.0687091 86.1274 -0.0169173 0.998644 0.049232 0.317787 -0.0696146 0.0479431 -0.996421 80.1446 
-0.997734 -0.0192492 0.0644765 86.1554 -0.0160959 0.998665 0.049074 0.342623 -0.065335 0.0479249 -0.996712 79.6391 
-0.997863 -0.0183265 0.0627154 86.1849 -0.0152811 0.998697 0.0486986 0.3636 -0.0635262 0.0476361 -0.996843 79.1156 
-0.997908 -0.016671 0.062457 86.2203 -0.0136614 0.998739 0.048308 0.390619 -0.0631836 0.0473537 -0.996878 78.5772 
-0.997886 -0.0155463 0.0631009 86.2604 -0.0124687 0.998727 0.0488778 0.415366 -0.0637804 0.0479877 -0.99681 78.0294 
-0.997811 -0.0149914 0.0644038 86.3009 -0.0117735 0.998677 0.0500558 0.432992 -0.065069 0.0491879 -0.996668 77.4732 
-0.997769 -0.0129326 0.0654955 86.3368 -0.00956197 0.998626 0.0515185 0.455324 -0.0660718 0.0507773 -0.996522 76.9083 
-0.997709 -0.0110179 0.0667496 86.3787 -0.00746361 0.998552 0.0532657 0.475514 -0.0672398 0.0526455 -0.996347 76.3408 
-0.997628 -0.00953712 0.0681784 86.417 -0.00580911 0.998488 0.0546707 0.497067 -0.0685967 0.054145 -0.996174 75.7791 
-0.997533 -0.00808051 0.0697295 86.4574 -0.00419142 0.998436 0.0557411 0.519143 -0.0700709 0.0553113 -0.996007 75.2167 
-0.997451 -0.00621574 0.0710872 86.501 -0.00218601 0.998393 0.056625 0.541131 -0.0713249 0.0563253 -0.995862 74.651 
-0.997335 -0.00463345 0.0728166 86.5455 -0.000484399 0.99838 0.0568942 0.565003 -0.0729623 0.0567072 -0.995721 74.0835 
-0.997192 -0.00305798 0.0748184 86.5891 0.00116917 0.998408 0.0563899 0.594123 -0.0748717 0.0563191 -0.995602 73.5214 
-0.99706 -0.00128754 0.0766133 86.6361 0.00301028 0.998429 0.0559557 0.616729 -0.076565 0.0560218 -0.99549 72.9569 
-0.996875 0.000311963 0.0789927 86.6766 0.00467555 0.998472 0.0550615 0.639022 -0.0788548 0.0552588 -0.995353 72.3993 
-0.996703 0.00068168 0.0811397 86.7245 0.00509127 0.99852 0.0541512 0.660968 -0.0809826 0.0543857 -0.995231 71.8408 
-0.996529 0.00167114 0.0832285 86.7738 0.00614928 0.998545 0.0535781 0.684231 -0.0830179 0.0539039 -0.995089 71.2846 
-0.996393 0.00220064 0.0848326 86.831 0.00677054 0.998538 0.0536196 0.707273 -0.0845906 0.0540005 -0.994951 70.7213 
-0.996227 0.00213468 0.086755 86.885 0.00683186 0.998524 0.0538823 0.733422 -0.0865119 0.0542717 -0.994771 70.163 
-0.996093 0.00174671 0.088289 86.9376 0.00663014 0.998462 0.0550489 0.753623 -0.088057 0.0554192 -0.994573 69.6092 
-0.995977 0.00235349 0.0895759 86.9901 0.00737676 0.998415 0.0557887 0.775879 -0.0893027 0.056225 -0.994416 69.059 
-0.995916 0.00159289 0.0902699 87.0427 0.00669493 0.998395 0.0562453 0.795931 -0.0900354 0.0566199 -0.994328 68.5091 
-0.995971 0.000489544 0.0896761 87.1025 0.00553644 0.998413 0.056039 0.8214 -0.0895064 0.0563097 -0.994393 67.9646 
-0.996059 0.000501865 0.0886961 87.1508 0.00551268 0.998401 0.0562584 0.84293 -0.088526 0.0565256 -0.994469 67.4216 
-0.996225 0.000513707 0.0868124 87.2004 0.00542395 0.998397 0.0563352 0.863635 -0.0866443 0.0565934 -0.994631 66.8805 
-0.996418 0.000525287 0.0845601 87.2509 0.0053158 0.998392 0.0564371 0.882639 -0.0843944 0.0566844 -0.994819 66.351 
-0.996584 -2.29478e-05 0.0825856 87.2963 0.00463974 0.998405 0.0562665 0.905252 -0.0824551 0.0564574 -0.994994 65.828 
-0.996798 -0.000676295 0.0799535 87.3379 0.00386869 0.998385 0.0566767 0.925736 -0.0798627 0.0568046 -0.995186 65.3236 
-0.997199 -0.00303048 0.0747309 87.3778 0.00121544 0.99839 0.0567053 0.947483 -0.0747824 0.0566373 -0.99559 64.8283 
-0.997808 -0.00592153 0.0659066 87.4085 -0.00218658 0.998395 0.0565988 0.969828 -0.0661359 0.0563307 -0.996219 64.3462 
-0.998583 -0.00787731 0.0526324 87.4288 -0.00486595 0.998357 0.0571 0.98491 -0.0529957 0.056763 -0.99698 63.8785 
-0.99936 -0.00857338 0.0347408 87.4343 -0.00656592 0.998324 0.0574915 0.998192 -0.0351755 0.0572265 -0.997741 63.4316 
-0.999886 -0.0103881 0.0109184 87.4267 -0.00974349 0.998297 0.0575234 1.01478 -0.0114974 0.0574105 -0.998284 63.0005 
-0.999762 -0.0112713 -0.0186881 87.402 -0.0123406 0.998233 0.0581283 1.0288 0.0179999 0.0583451 -0.998134 62.5941 
-0.998483 -0.0114371 -0.0538555 87.3578 -0.0145943 0.998175 0.0586 1.0434 0.053087 0.0592971 -0.996828 62.2008 
-0.995463 -0.00877565 -0.0947488 87.2907 -0.0142622 0.99825 0.057385 1.05646 0.0940794 0.058476 -0.993846 61.8236 
-0.990081 -0.00526285 -0.140399 87.2028 -0.0133119 0.998317 0.0564521 1.06962 0.139866 0.0577611 -0.988484 61.4578 
-0.981638 -0.000948248 -0.190753 87.0965 -0.0119503 0.998329 0.0565349 1.08088 0.190381 0.0577763 -0.980009 61.1034 
-0.969586 0.00380519 -0.244721 86.9621 -0.0103032 0.998358 0.056345 1.09431 0.244533 0.0571528 -0.967955 60.7573 
-0.953683 0.00806086 -0.300705 86.8091 -0.00895068 0.998438 0.0551516 1.10816 0.30068 0.0552887 -0.952121 60.424 
-0.934092 0.0124124 -0.356817 86.6383 -0.00771653 0.99846 0.0549335 1.11689 0.35695 0.0540664 -0.932558 60.1042 
-0.910995 0.0159059 -0.41211 86.4518 -0.00747686 0.998455 0.0550647 1.12818 0.412349 0.053245 -0.909469 59.8072 
-0.88452 0.0183843 -0.46614 86.25 -0.00754274 0.998529 0.0536941 1.14348 0.466441 0.0510095 -0.88308 59.5278 
-0.854978 0.0192403 -0.518308 86.0326 -0.00847684 0.99866 0.0510547 1.15568 0.518595 0.0480443 -0.853669 59.2601 
-0.822389 0.0179142 -0.568643 85.8019 -0.0112714 0.998795 0.0477665 1.16614 0.568814 0.0456921 -0.821196 59.0017 
-0.785737 0.013629 -0.618411 85.5621 -0.0166851 0.998926 0.0432147 1.17774 0.618336 0.0442736 -0.784666 58.7627 
-0.744774 0.0110137 -0.667226 85.298 -0.0201929 0.999034 0.0390306 1.19102 0.667012 0.0425422 -0.743832 58.5309 
-0.700172 0.0100894 -0.713903 85.0139 -0.0237731 0.999016 0.0374347 1.20232 0.713578 0.0431824 -0.699244 58.3099 
-0.652336 0.0116846 -0.75784 84.7043 -0.0260931 0.998942 0.0378625 1.2127 0.75748 0.0444735 -0.651341 58.0992 
-0.601486 0.0127395 -0.798782 84.3903 -0.0304316 0.998782 0.0388443 1.21565 0.798304 0.0476725 -0.600365 57.9098 
-0.549334 0.0146894 -0.835473 84.0635 -0.0339083 0.99863 0.0398532 1.22224 0.834914 0.0502223 -0.548084 57.7392 
-0.496789 0.018584 -0.867672 83.7163 -0.033909 0.998592 0.0408028 1.22576 0.867209 0.0496923 -0.495459 57.5851 
-0.446723 0.021355 -0.894417 83.3562 -0.0349674 0.998534 0.0413056 1.23034 0.893989 0.0497276 -0.445322 57.4491 
-0.399532 0.0220113 -0.916455 82.9858 -0.0367856 0.998522 0.0400192 1.23693 0.915981 0.0497013 -0.398132 57.3273 
-0.355081 0.0194164 -0.934634 82.6036 -0.0394663 0.998582 0.0357387 1.24958 0.934002 0.0495766 -0.353811 57.2141 
-0.312745 0.0163782 -0.949696 82.2114 -0.0432385 0.998569 0.03146 1.25565 0.948852 0.0509024 -0.311589 57.1106 
-0.272828 0.0132995 -0.961971 81.8111 -0.0459303 0.998584 0.0268321 1.26475 0.960966 0.0515042 -0.271831 57.022 
-0.235283 0.0105404 -0.97187 81.3986 -0.0470207 0.998647 0.0222142 1.27044 0.970789 0.0509246 -0.234469 56.9478 
-0.20043 0.0093469 -0.979664 80.9706 -0.0465165 0.998736 0.0190457 1.27051 0.978603 0.0493879 -0.199741 56.8862 
-0.168123 0.0084293 -0.98573 80.5324 -0.0455162 0.998831 0.0163044 1.27235 0.984715 0.0476078 -0.167543 56.8324 
-0.139354 0.00738591 -0.990215 80.0781 -0.0441894 0.99893 0.0136697 1.27743 0.989256 0.045662 -0.138879 56.7909 
-0.114829 0.00621108 -0.993366 79.612 -0.0422594 0.999045 0.0111316 1.28536 0.992486 0.0432573 -0.114457 56.756 
-0.0943725 0.00709387 -0.995512 79.1306 -0.0408666 0.999104 0.0109935 1.28397 0.994698 0.0417206 -0.0939981 56.7204 
-0.077759 0.0089276 -0.996932 78.6339 -0.039446 0.999149 0.0120242 1.28294 0.996192 0.04026 -0.0773407 56.6905 
-0.0644328 0.0108788 -0.997863 78.1227 -0.040189 0.999101 0.0134873 1.28281 0.997112 0.0409721 -0.0639376 56.6581 
-0.0544657 0.0121293 -0.998442 77.6005 -0.0408507 0.999062 0.0143653 1.2851 0.99768 0.0415695 -0.0539191 56.6318 
-0.0478383 0.0131752 -0.998768 77.0627 -0.0403965 0.999069 0.015114 1.28862 0.998038 0.0410698 -0.0472616 56.6091 
-0.0432803 0.0145778 -0.998957 76.5054 -0.0388122 0.999114 0.0162616 1.29159 0.998309 0.0394755 -0.0426762 56.5884 
-0.0403597 0.0159829 -0.999057 75.9371 -0.0384716 0.999106 0.0175379 1.29078 0.998444 0.0391432 -0.0397087 56.569 
-0.0391561 0.016108 -0.999103 75.3477 -0.0379419 0.999125 0.0175953 1.30026 0.998512 0.0385969 -0.0385107 56.543 
-0.0402712 0.0154338 -0.99907 74.7446 -0.037882 0.999138 0.0169618 1.30627 0.99847 0.0385298 -0.0396518 56.5194 
-0.042031 0.0142176 -0.999015 74.1287 -0.037071 0.999188 0.0157797 1.31618 0.998428 0.0376977 -0.0414698 56.4951 
-0.0437846 0.0141985 -0.99894 73.4889 -0.0355132 0.999245 0.0157594 1.31469 0.99841 0.0361656 -0.0432473 56.4643 
-0.046452 0.0135537 -0.998829 72.8399 -0.0336261 0.99932 0.0151242 1.32206 0.998354 0.0342892 -0.0459647 56.4282 
-0.0495184 0.013541 -0.998681 72.173 -0.0325027 0.999357 0.0151617 1.32915 0.998244 0.0332106 -0.0490464 56.3894 
-0.0519959 0.013455 -0.998557 71.4917 -0.0320367 0.999372 0.0151342 1.33357 0.998133 0.0327774 -0.0515322 56.3446 
-0.0551677 0.0136847 -0.998383 70.7916 -0.0304488 0.999418 0.0153814 1.33617 0.998013 0.0312481 -0.0547189 56.3032 
-0.0584001 0.0142414 -0.998192 70.0812 -0.0289766 0.999453 0.0159547 1.34173 0.997873 0.029856 -0.0579555 56.2611 
-0.0608376 0.0144143 -0.998044 69.3473 -0.0274665 0.999493 0.0161095 1.35428 0.99777 0.0283928 -0.0604108 56.2193 
-0.0629655 0.0139874 -0.997918 68.6032 -0.0274747 0.999499 0.0157431 1.36319 0.997637 0.0284088 -0.0625496 56.1693 
-0.0644817 0.014119 -0.997819 67.8539 -0.0284481 0.999468 0.0159807 1.37223 0.997513 0.0294165 -0.0640457 56.1172 
-0.0654241 0.0151736 -0.997742 67.0934 -0.0274873 0.999478 0.0170024 1.38065 0.997479 0.0285376 -0.0649728 56.0684 
-0.0666955 0.016569 -0.997636 66.3248 -0.0270624 0.999464 0.0184086 1.38786 0.997406 0.0282262 -0.0662113 56.0174 
-0.0674234 0.0170823 -0.997578 65.5477 -0.0270712 0.999454 0.018944 1.39992 0.997357 0.0282829 -0.0669242 55.9584 
-0.0685493 0.0172953 -0.997498 64.7689 -0.0270666 0.999449 0.0191892 1.41467 0.99728 0.0283143 -0.0680434 55.9013 
-0.069588 0.0166377 -0.997437 63.9856 -0.0283206 0.999425 0.0186467 1.42608 0.997174 0.0295456 -0.0690768 55.8443 
-0.0704514 0.0161236 -0.997385 63.1935 -0.0286017 0.999426 0.0181769 1.4318 0.997105 0.0298075 -0.0699498 55.7882 
-0.0704047 0.0158126 -0.997393 62.3942 -0.0298265 0.999394 0.0179497 1.44016 0.997072 0.0310125 -0.0698904 55.7221 
-0.0701559 0.0153379 -0.997418 61.5861 -0.0304419 0.999383 0.0175093 1.44768 0.997071 0.0315917 -0.0696457 55.6674 
-0.0697327 0.0151731 -0.99745 60.77 -0.0308228 0.999374 0.0173572 1.45626 0.997089 0.0319546 -0.0692214 55.6116 
-0.068941 0.0160368 -0.997492 59.9503 -0.0310608 0.999352 0.0182134 1.46241 0.997137 0.0322385 -0.0683982 55.553 
-0.067991 0.0173884 -0.997534 59.1208 -0.0303612 0.999349 0.0194894 1.46327 0.997224 0.0316114 -0.0674188 55.4894 
-0.0668105 0.0180562 -0.997602 58.294 -0.0289996 0.999379 0.0200305 1.46896 0.997344 0.0302683 -0.0662454 55.4286 
-0.0664556 0.0184732 -0.997618 57.4515 -0.0271329 0.999425 0.0203141 1.47301 0.99742 0.0284183 -0.0659162 55.3726 
-0.0669068 0.0184194 -0.997589 56.6144 -0.0250962 0.999482 0.0201375 1.47873 0.997444 0.0263831 -0.0664099 55.3253 
-0.0670974 0.0182316 -0.99758 55.7589 -0.0228885 0.999542 0.0198069 1.48591 0.997484 0.0241621 -0.0666493 55.2741 
-0.0673993 0.0182729 -0.997559 54.913 -0.021312 0.999578 0.0197498 1.49167 0.997498 0.0225911 -0.0669814 55.2144 
-0.067786 0.018383 -0.997531 54.0428 -0.0201701 0.999601 0.0197918 1.50743 0.997496 0.0214619 -0.0673882 55.1585 
-0.0682236 0.0194248 -0.997481 53.1868 -0.0191897 0.9996 0.0207785 1.5104 0.997485 0.020559 -0.0678236 55.0983 
-0.0683642 0.0203236 -0.997453 52.3207 -0.0174489 0.999615 0.0215636 1.51856 0.997508 0.0188786 -0.0679833 55.0381 
-0.0690171 0.0215363 -0.997383 51.4624 -0.0172661 0.999591 0.0227788 1.52381 0.997466 0.018793 -0.0686171 54.9795 
-0.0688536 0.0222043 -0.99738 50.6054 -0.0174034 0.999573 0.0234546 1.52909 0.997475 0.0189727 -0.0684378 54.9156 
-0.0698733 0.0218718 -0.997316 49.7531 -0.017138 0.999586 0.0231222 1.54528 0.997409 0.0187077 -0.0694695 54.8549 
-0.0706841 0.0211098 -0.997275 48.8858 -0.0170558 0.999604 0.022368 1.56051 0.997353 0.0185904 -0.0702961 54.7898 
-0.0715406 0.0210023 -0.997217 48.031 -0.0173874 0.9996 0.0222999 1.56633 0.997286 0.0189344 -0.0711469 54.7282 
-0.0721697 0.0208199 -0.997175 47.1835 -0.0177501 0.999597 0.0221551 1.58101 0.997234 0.0192989 -0.071771 54.6556 
-0.0732891 0.0209327 -0.997091 46.3266 -0.0181038 0.999587 0.0223158 1.59363 0.997146 0.0196866 -0.0728798 54.5975 
-0.0739935 0.0207939 -0.997042 45.4864 -0.0177896 0.999596 0.0221674 1.60146 0.9971 0.0193772 -0.0735937 54.5306 
-0.0744146 0.0207085 -0.997012 44.6428 -0.0181362 0.999591 0.0221157 1.60476 0.997062 0.0197278 -0.0740086 54.4675 
-0.074473 0.0202956 -0.997016 43.7987 -0.0179396 0.999604 0.0216883 1.61107 0.997062 0.0195012 -0.0740794 54.4005 
-0.0742316 0.0200341 -0.99704 42.9627 -0.0170904 0.999626 0.0213585 1.61849 0.997095 0.0186253 -0.0738614 54.3381 
-0.0736748 0.0198212 -0.997085 42.1302 -0.0156273 0.999657 0.021027 1.62883 0.99716 0.0171309 -0.0733398 54.2737 
-0.0735342 0.0200822 -0.99709 41.2888 -0.0147874 0.999665 0.0212246 1.63501 0.997183 0.0163051 -0.0732126 54.2185 
-0.0727328 0.0200871 -0.997149 40.4587 -0.01422 0.999675 0.0211752 1.64335 0.99725 0.0157196 -0.0724235 54.1521 
-0.0725587 0.0196124 -0.997171 39.6349 -0.0129711 0.999704 0.020606 1.6435 0.99728 0.0144295 -0.0722828 54.0907 
-0.0722832 0.0179605 -0.997222 38.8172 -0.0119349 0.999751 0.0188711 1.6443 0.997313 0.0132658 -0.0720508 54.0353 
-0.0721364 0.0168923 -0.997252 38.0062 -0.0118134 0.999772 0.0177895 1.64878 0.997325 0.0130642 -0.0719203 53.9719 
-0.0720976 0.0167987 -0.997256 37.196 -0.011937 0.999772 0.0177041 1.65422 0.997326 0.0131807 -0.0718806 53.9124 
-0.0716704 0.017939 -0.997267 36.388 -0.0114405 0.999758 0.018806 1.65608 0.997363 0.0127571 -0.0714478 53.8532 
-0.0715964 0.0191811 -0.997249 35.5799 -0.0113104 0.999735 0.020041 1.65936 0.99737 0.0127141 -0.0713605 53.7935 
-0.0714975 0.0204422 -0.997231 34.7764 -0.0108795 0.999715 0.0212731 1.66126 0.997381 0.0123704 -0.0712547 53.7309 
-0.0723255 0.0208035 -0.997164 33.9833 -0.0102544 0.999714 0.0216004 1.66104 0.997328 0.0117875 -0.0720915 53.6709 
-0.0737654 0.0205368 -0.997064 33.1849 -0.00883297 0.999735 0.0212453 1.66525 0.997237 0.0103742 -0.0735645 53.6182 
-0.0750819 0.0203463 -0.99697 32.3963 -0.00814051 0.999746 0.0210161 1.66635 0.997144 0.00969376 -0.0748972 53.5588 
-0.0763013 0.0200139 -0.996884 31.6082 -0.0084882 0.999749 0.0207211 1.66721 0.997049 0.0100428 -0.0761123 53.4907 
-0.077535 0.0192754 -0.996803 30.829 -0.00864395 0.999763 0.020005 1.67686 0.996952 0.0101674 -0.07735 53.4175 
-0.0792749 0.0191466 -0.996669 30.0517 -0.010225 0.999747 0.0200191 1.67637 0.9968 0.0117779 -0.0790591 53.3483 
-0.0807055 0.0192116 -0.996553 29.2789 -0.011848 0.999725 0.0202323 1.6791 0.996668 0.0134401 -0.0804557 53.2841 
-0.0808809 0.0199518 -0.996524 28.509 -0.0134438 0.999687 0.0211062 1.67988 0.996633 0.0151042 -0.0805873 53.2158 
-0.0804328 0.0210693 -0.996537 27.7462 -0.0151864 0.999635 0.0223605 1.68786 0.996644 0.0169324 -0.0800834 53.1473 
-0.079213 0.0228795 -0.996595 26.9748 -0.0167379 0.999565 0.0242781 1.69537 0.996717 0.0186041 -0.0787956 53.0779 
-0.0774831 0.0240697 -0.996703 26.1958 -0.017231 0.999527 0.0254774 1.70471 0.996845 0.0191483 -0.0770317 53.0059 
-0.0753378 0.0244911 -0.996857 25.4335 -0.0162898 0.999535 0.025788 1.71286 0.997025 0.0181814 -0.0749038 52.9427 
-0.0729507 0.0242804 -0.99704 24.6751 -0.0161503 0.999544 0.025523 1.71887 0.997205 0.0179644 -0.0725253 52.883 
-0.0710474 0.0238126 -0.997189 23.9222 -0.0142185 0.999589 0.024883 1.73027 0.997372 0.0159464 -0.0706797 52.8273 
-0.0690753 0.0235721 -0.997333 23.1726 -0.0125911 0.999621 0.0244983 1.73393 0.997532 0.0142498 -0.0687523 52.7716 
-0.0678129 0.0236821 -0.997417 22.432 -0.0123571 0.999622 0.0245745 1.7412 0.997622 0.0139916 -0.0674946 52.718 
-0.0667216 0.0238458 -0.997487 21.6786 -0.0117756 0.999626 0.0246846 1.74733 0.997702 0.013393 -0.0664159 52.672 
-0.0652603 0.0241086 -0.997577 20.9334 -0.0113556 0.999625 0.024901 1.75306 0.997804 0.0129531 -0.0649621 52.6221 
-0.0641319 0.0239728 -0.997653 20.194 -0.0109884 0.999634 0.0247267 1.75477 0.997881 0.0125484 -0.063845 52.5766 
-0.0623616 0.022711 -0.997795 19.4602 -0.0112346 0.999662 0.0234557 1.76376 0.99799 0.0126726 -0.0620854 52.5263 
-0.0610357 0.0215759 -0.997902 18.7262 -0.0118649 0.99968 0.02234 1.76928 0.998065 0.0132035 -0.0607602 52.474 
-0.0607277 0.0209844 -0.997934 17.992 -0.00952854 0.999721 0.0216018 1.77728 0.998109 0.0108207 -0.0605108 52.4287 
-0.0603995 0.0211812 -0.99795 17.2678 -0.00853817 0.999727 0.0217357 1.78309 0.998138 0.0098335 -0.0602022 52.3834 
-0.0600253 0.0218185 -0.997958 16.54 -0.00765559 0.999722 0.0223176 1.78869 0.998167 0.00897958 -0.0598416 52.3357 
-0.0593011 0.0229381 -0.997977 15.8169 -0.00746488 0.999698 0.0234213 1.78933 0.998212 0.00883868 -0.059112 52.2868 
-0.0590684 0.0243187 -0.997958 15.0996 -0.00629115 0.999674 0.0247329 1.79055 0.998234 0.00773923 -0.0588962 52.2467 
-0.0588073 0.0254485 -0.997945 14.3919 -0.00545575 0.999652 0.0258135 1.79871 0.998254 0.00696256 -0.058648 52.2071 
-0.0569779 0.0267349 -0.998017 13.6904 -0.00554089 0.999618 0.0270941 1.80501 0.99836 0.00707367 -0.056808 52.1624 
-0.0549405 0.0275032 -0.998111 12.996 -0.0051518 0.999599 0.0278278 1.81087 0.998476 0.00667094 -0.0547769 52.1222 
-0.0521573 0.0275694 -0.998258 12.3135 -0.00514004 0.999598 0.027875 1.81615 0.998626 0.00658497 -0.0519946 52.0835 
-0.048629 0.0265538 -0.998464 11.6464 -0.00596855 0.999621 0.0268752 1.82006 0.998799 0.0072663 -0.048452 52.0486 
-0.0457632 0.0252611 -0.998633 10.9932 -0.00568731 0.999657 0.0255477 1.81789 0.998936 0.00684868 -0.0456039 52.0211 
-0.0427002 0.0242354 -0.998794 10.3611 -0.00517621 0.999687 0.0244783 1.82242 0.999075 0.0062152 -0.0425614 51.9978 
-0.0391816 0.0241623 -0.99894 9.7395 -0.00499678 0.99969 0.0243764 1.82631 0.99922 0.00594659 -0.0390487 51.9676 
-0.0366743 0.0247082 -0.999022 9.14283 -0.00440587 0.999681 0.0248862 1.83226 0.999318 0.00531424 -0.0365537 51.9478 
-0.0341573 0.0261164 -0.999075 8.56426 -0.00374898 0.999648 0.0262595 1.83501 0.999409 0.00464246 -0.0340474 51.9202 
-0.0327703 0.0263157 -0.999116 7.9928 -0.00226696 0.999649 0.0264041 1.84257 0.99946 0.00313023 -0.0326991 51.8981 
-0.0326492 0.0264309 -0.999117 7.44208 -0.000393405 0.99965 0.0264578 1.84638 0.999467 0.00125688 -0.0326273 51.8886 
-0.0315508 0.0271341 -0.999134 6.90677 0.0011751 0.999632 0.0271105 1.8502 0.999501 -0.000318725 -0.031571 51.8719 
-0.0302055 0.0269583 -0.99918 6.3926 0.00229582 0.999635 0.0269012 1.85145 0.999541 -0.00148138 -0.0302563 51.8513 
-0.0293827 0.0258448 -0.999234 5.88903 0.00327534 0.999663 0.0257596 1.85963 0.999563 -0.00251595 -0.0294574 51.8345 
-0.0299973 0.0256684 -0.99922 5.40268 0.00614598 0.999656 0.0254951 1.8597 0.999531 -0.0053764 -0.0301448 51.8248 
-0.031465 0.024859 -0.999196 4.93089 0.00821361 0.999663 0.024612 1.86074 0.999471 -0.00743259 -0.0316586 51.8147 
-0.0350606 0.0239321 -0.999099 4.47666 0.0107864 0.999664 0.0235672 1.86546 0.999327 -0.00995044 -0.0353069 51.7922 
-0.0426205 0.0237739 -0.998808 4.046 0.0131186 0.999644 0.023234 1.86528 0.999005 -0.0121127 -0.0429172 51.7717 
-0.0542919 0.0239113 -0.998239 3.63852 0.0147963 0.999623 0.0231397 1.86526 0.998415 -0.013514 -0.0546252 51.7467 
-0.069118 0.0236924 -0.997327 3.246 0.0161458 0.999614 0.0226277 1.86791 0.997478 -0.0145387 -0.0694738 51.7099 
-0.0867939 0.0241066 -0.995935 2.87145 0.0160039 0.999612 0.0228009 1.86687 0.996098 -0.0139599 -0.087146 51.6625 
-0.108001 0.0252488 -0.99383 2.52074 0.0154857 0.999599 0.0237125 1.86504 0.99403 -0.0128292 -0.108349 51.6063 
-0.133385 0.0257708 -0.990729 2.19354 0.0168661 0.999576 0.0237302 1.86184 0.990921 -0.0135444 -0.133763 51.5411 
-0.165127 0.0243694 -0.985971 1.88118 0.0186327 0.999593 0.0215855 1.86547 0.986096 -0.0148069 -0.165514 51.4641 
-0.201733 0.022677 -0.979178 1.58262 0.0179307 0.99965 0.0194569 1.86669 0.979276 -0.0136322 -0.202069 51.369 
-0.240737 0.0216378 -0.970349 1.29413 0.0151925 0.999713 0.0185235 1.86998 0.970471 -0.0102827 -0.240997 51.2547 
-0.283661 0.0217626 -0.958678 1.0142 0.0109603 0.999751 0.0194519 1.86939 0.958862 -0.00498963 -0.283829 51.1289 
-0.329037 0.0213569 -0.944075 0.746905 0.00719596 0.999772 0.0201088 1.86909 0.944289 -0.000176976 -0.329116 50.988 
-0.376115 0.0206644 -0.926342 0.491955 0.00487305 0.999782 0.0203241 1.86979 0.92656 0.00313008 -0.376134 50.8376 
-0.425308 0.0205534 -0.904815 0.254236 0.00379647 0.999774 0.0209259 1.87036 0.905041 0.00546487 -0.42529 50.6823 
-0.475367 0.0184338 -0.879595 0.0331269 0.00073082 0.999788 0.0205577 1.87485 0.879788 0.00912963 -0.475279 50.5115 
-0.524958 0.0162843 -0.850972 -0.172656 -0.00202945 0.99979 0.0203841 1.87804 0.851126 0.0124278 -0.524815 50.3313 
-0.573772 0.013788 -0.818899 -0.371315 -0.00653732 0.999749 0.0214135 1.88083 0.818989 0.0176399 -0.573538 50.1336 
-0.621644 0.0114474 -0.783216 -0.555217 -0.00928818 0.999715 0.0219838 1.88088 0.783245 0.0209407 -0.62136 49.9283 
-0.66767 0.00761108 -0.744419 -0.725508 -0.0129286 0.999678 0.0218166 1.8885 0.744346 0.0241906 -0.667356 49.709 
-0.711887 0.00909654 -0.702235 -0.895976 -0.00950043 0.9997 0.0225808 1.89336 0.70223 0.0227465 -0.711587 49.4766 
-0.754685 0.0147494 -0.655922 -1.05815 -0.00255142 0.999674 0.0254147 1.89781 0.656083 0.0208536 -0.754401 49.2301 
-0.794661 0.0200449 -0.606722 -1.20758 0.00319157 0.999579 0.0288439 1.90434 0.607045 0.0209847 -0.79439 48.9682 
-0.832074 0.0225863 -0.554204 -1.33888 0.00506091 0.999438 0.0331332 1.90957 0.554641 0.0247645 -0.831721 48.6941 
-0.866881 0.0216428 -0.498046 -1.45081 0.00384888 0.999318 0.0367266 1.92081 0.498501 0.0299206 -0.866373 48.4005 
-0.898236 0.0203912 -0.439039 -1.54283 0.00314612 0.999196 0.039971 1.92943 0.439501 0.0345222 -0.897578 48.0941 
-0.925004 0.0188855 -0.379487 -1.62671 0.00381706 0.999175 0.0404207 1.94602 0.379938 0.0359408 -0.924313 47.7668 
-0.94674 0.0190623 -0.321433 -1.69289 0.00635939 0.999158 0.0405234 1.955 0.321935 0.0363211 -0.946065 47.4307 
-0.964114 0.0172103 -0.26493 -1.73749 0.007096 0.999211 0.0390872 1.96975 0.265394 0.0358046 -0.963475 47.0853 
-0.977181 0.0160174 -0.211805 -1.76792 0.00823898 0.999261 0.037556 1.98229 0.21225 0.0349539 -0.97659 46.7261 
-0.986591 0.0125095 -0.162732 -1.77763 0.00663872 0.999309 0.0365703 1.99196 0.163077 0.0349996 -0.985992 46.3521 
-0.992854 0.0114732 -0.118784 -1.79116 0.00745128 0.999386 0.0342484 2.00174 0.119104 0.0331186 -0.992329 45.9591 
-0.996607 0.0125003 -0.0813501 -1.80506 0.00997988 0.99946 0.0313153 2.01474 0.0816976 0.0303972 -0.996194 45.5612 
-0.998648 0.0120975 -0.0505498 -1.8038 0.0106667 0.999537 0.0284785 2.0264 0.0508709 0.0279008 -0.998315 45.1475 
-0.999599 0.010911 -0.0261263 -1.79079 0.0101808 0.999558 0.0279226 2.03391 0.0264195 0.0276454 -0.999269 44.6986 
-0.999937 0.00879917 -0.00693395 -1.77316 0.00859651 0.99955 0.0287349 2.04433 0.00718367 0.0286735 -0.999563 44.2384 
-0.999938 0.00782085 0.00793904 -1.75312 0.00804986 0.99954 0.0292369 2.05743 -0.00770673 0.029299 -0.999541 43.7644 
-0.999763 0.00908536 0.0197918 -1.73644 0.00967018 0.999513 0.0296562 2.06692 -0.0195127 0.0298405 -0.999364 43.276 
-0.999528 0.0104678 0.0288758 -1.71385 0.0113295 0.99949 0.0298416 2.0799 -0.0285487 0.0301547 -0.999137 42.7696 
-0.999324 0.0104998 0.0352292 -1.6855 0.011542 0.999498 0.0295106 2.09565 -0.0349017 0.0298973 -0.998943 42.2515 
-0.999168 0.010341 0.0394555 -1.65966 0.0114846 0.999517 0.0288702 2.105 -0.0391379 0.0292993 -0.998804 41.7219 
-0.999073 0.00975719 0.0419186 -1.63539 0.0109244 0.999556 0.0277068 2.11761 -0.0416297 0.0281391 -0.998737 41.1778 
-0.999067 0.00913416 0.042202 -1.60621 0.01029 0.999576 0.0272521 2.12962 -0.0419352 0.0276609 -0.998737 40.6177 
-0.999073 0.0102261 0.0418122 -1.58068 0.0113774 0.99956 0.0273905 2.13898 -0.0415137 0.0278408 -0.99875 40.0454 
-0.999086 0.0124402 0.0408836 -1.55205 0.0135667 0.999533 0.0273918 2.14983 -0.0405238 0.0279214 -0.998788 39.451 
-0.999068 0.0136961 0.0409445 -1.52723 0.0148407 0.999504 0.0277824 2.16489 -0.0405436 0.0283641 -0.998775 38.8436 
-0.999044 0.0145773 0.0412107 -1.49677 0.0157797 0.999455 0.029005 2.17508 -0.0407654 0.0296276 -0.998729 38.2213 
-0.998972 0.0159707 0.0424267 -1.46322 0.017239 0.99941 0.0296982 2.18709 -0.0419274 0.030399 -0.998658 37.5863 
-0.998823 0.0172876 0.045326 -1.43207 0.0187134 0.999337 0.0312229 2.2003 -0.0447562 0.0320343 -0.998484 36.9439 
-0.998656 0.0180708 0.0485796 -1.39568 0.0197261 0.999233 0.033813 2.21172 -0.0479314 0.0347259 -0.998247 36.2979 
-0.998443 0.0191976 0.0523728 -1.36174 0.0210522 0.999162 0.0350922 2.22823 -0.0516552 0.0361402 -0.998011 35.6541 
-0.998234 0.0190566 0.056268 -1.32548 0.0210611 0.999157 0.035248 2.24422 -0.0555489 0.0363708 -0.997793 35.0114 
-0.997999 0.0192247 0.0602282 -1.28463 0.0213353 0.999174 0.0345984 2.25924 -0.0595133 0.0358142 -0.997585 34.3733 
-0.997715 0.020136 0.0644896 -1.24278 0.022362 0.999172 0.0339828 2.26904 -0.063752 0.0353473 -0.99734 33.7369 
-0.99738 0.0203139 0.0694284 -1.19573 0.0226441 0.999201 0.0329428 2.28077 -0.0687037 0.0344287 -0.997043 33.1015 
-0.997057 0.0193812 0.0741707 -1.14114 0.0218513 0.999228 0.0326377 2.29025 -0.0734809 0.0341623 -0.996711 32.4651 
-0.996777 0.0193242 0.077861 -1.08522 0.0219009 0.999236 0.0323763 2.30341 -0.0771758 0.0339771 -0.996438 31.8332 
-0.996561 0.0194442 0.0805468 -1.02555 0.0221131 0.999231 0.0323762 2.31332 -0.0798553 0.034046 -0.996225 31.2002 
-0.996341 0.019723 0.0831643 -0.973772 0.0225017 0.999215 0.032608 2.32708 -0.0824559 0.03436 -0.996002 30.5746 
-0.996141 0.0212253 0.0851643 -0.919434 0.0241289 0.999157 0.0332104 2.34062 -0.0843876 0.0351372 -0.995813 29.9523 
-0.995948 0.0220844 0.0871828 -0.86352 0.0250637 0.999134 0.0332271 2.35064 -0.0863735 0.0352775 -0.995638 29.3371 
-0.995733 0.0224119 0.0895205 -0.809606 0.0254566 0.999131 0.0330155 2.36087 -0.0887028 0.0351535 -0.995438 28.7268 
-0.995547 0.0228211 0.0914647 -0.75661 0.025888 0.999137 0.032486 2.36971 -0.0906444 0.0347092 -0.995278 28.1316 
-0.995401 0.0225304 0.0931097 -0.702109 0.0256241 0.999154 0.0321657 2.38254 -0.0923062 0.0344036 -0.995136 27.5379 
-0.995351 0.0217125 0.0938375 -0.644589 0.0248531 0.999165 0.0324309 2.39221 -0.093055 0.0346123 -0.995059 26.9584 
-0.995323 0.0218002 0.0941103 -0.590809 0.0249242 0.999172 0.0321486 2.40155 -0.0933316 0.0343439 -0.995043 26.3877 
-0.99533 0.021318 0.0941499 -0.533556 0.024415 0.999194 0.0318667 2.41344 -0.0933947 0.0340165 -0.995048 25.8265 
-0.995347 0.0204146 0.0941703 -0.475013 0.0235047 0.999217 0.0318224 2.42242 -0.0934469 0.0338878 -0.995047 25.2705 
-0.995402 0.0190614 0.0938658 -0.416035 0.0221415 0.999246 0.0318818 2.43234 -0.0931874 0.0338136 -0.995074 24.7218 
-0.995426 0.0189219 0.0936469 -0.361503 0.0219834 0.999253 0.0317683 2.43868 -0.0929759 0.0336817 -0.995099 24.1786 
-0.995482 0.0203505 0.092743 -0.308223 0.0232274 0.999279 0.030047 2.44196 -0.0920646 0.0320654 -0.995237 23.6455 
-0.99556 0.020776 0.091811 -0.259314 0.0235013 0.999312 0.0287028 2.44948 -0.0911515 0.030733 -0.995363 23.1187 
-0.995712 0.0204374 0.0902211 -0.213598 0.0232131 0.999286 0.0298235 2.45776 -0.0895471 0.0317899 -0.995475 22.6021 
-0.995956 0.0167056 0.0882731 -0.159505 0.0197019 0.999255 0.0331817 2.46872 -0.0876531 0.0347867 -0.995543 22.0955 
-0.996125 0.0145249 0.0867364 -0.109523 0.0177178 0.999189 0.036156 2.48183 -0.0861409 0.0375527 -0.995575 21.6031 
-0.996167 0.0146103 0.0862411 -0.0692178 0.0181246 0.999031 0.0401083 2.48601 -0.0855715 0.0415177 -0.995467 21.1214 
-0.996128 0.0163124 0.086388 -0.0300495 0.0201258 0.998853 0.0434577 2.49143 -0.0855799 0.0450281 -0.995313 20.6478 
-0.996051 0.0160947 0.0873134 0.00691622 0.0200613 0.998797 0.0447445 2.50072 -0.0864882 0.0463194 -0.995176 20.2007 
-0.996089 0.0122827 0.0874967 0.0503732 0.0161543 0.998915 0.0436791 2.51267 -0.0868653 0.0449217 -0.995207 19.7683 
-0.996164 0.00864459 0.0870803 0.0931761 0.0122876 0.999068 0.0413858 2.52704 -0.0866413 0.042297 -0.995341 19.3515 
-0.996184 0.00685079 0.0870064 0.136542 0.0104809 0.99909 0.0413346 2.5363 -0.0866441 0.0420888 -0.99535 18.9399 
-0.996185 0.00843975 0.0868527 0.16624 0.0121821 0.999016 0.0426494 2.54837 -0.0864072 0.0435447 -0.995308 18.5461 
-0.996199 0.00967073 0.0865681 0.199544 0.0135234 0.998939 0.0440288 2.5581 -0.0860504 0.0450322 -0.995273 18.1555 
-0.996207 0.0102423 0.0864125 0.232361 0.0140875 0.998932 0.0440068 2.569 -0.0858694 0.0450572 -0.995287 17.7723 
-0.99615 0.0103816 0.0870511 0.266584 0.0142459 0.998935 0.0438883 2.57605 -0.0865028 0.0449595 -0.995237 17.3927 
-0.996018 0.0108663 0.0884825 0.295507 0.0148646 0.998892 0.0446552 2.58208 -0.0878992 0.0457927 -0.995076 17.0204 
-0.995933 0.0114493 0.0893691 0.335559 0.0155318 0.998861 0.0451204 2.59293 -0.0887507 0.0463249 -0.994976 16.6354 
-0.995882 0.0119177 0.0898688 0.371828 0.015993 0.99887 0.0447645 2.60478 -0.0892337 0.0460175 -0.994947 16.2583 
-0.995851 0.0120719 0.0901891 0.40324 0.0161161 0.998891 0.0442486 2.61346 -0.0895549 0.0455186 -0.994941 15.8917 
-0.995831 0.0119145 0.0904357 0.438965 0.0159027 0.998926 0.0435087 2.62694 -0.0898202 0.0447655 -0.994951 15.5166 
-0.995791 0.0136366 0.0906355 0.473548 0.0174428 0.998993 0.0413361 2.63853 -0.0899805 0.042743 -0.995026 15.1427 
-0.99577 0.0148329 0.0906751 0.506949 0.0185391 0.999021 0.0401696 2.64851 -0.0899904 0.0416808 -0.99507 14.7697 
-0.995791 0.014969 0.0904275 0.54161 0.0186766 0.999013 0.0402946 2.66142 -0.0897351 0.0418139 -0.995088 14.3972 
-0.995867 0.0150687 0.0895643 0.578812 0.0187372 0.999014 0.0402605 2.67187 -0.0888693 0.0417722 -0.995167 14.0176 
-0.995981 0.0159798 0.0881326 0.608656 0.0195148 0.999033 0.0393954 2.68398 -0.0874179 0.040957 -0.995329 13.6361 
-0.99612 0.0183971 0.0860571 0.637293 0.0215638 0.999119 0.0360139 2.68964 -0.0853187 0.0377299 -0.995639 13.2415 
-0.99625 0.0183716 0.0845496 0.67229 0.0210014 0.99932 0.0303197 2.69244 -0.083935 0.0319816 -0.995958 12.8555 
-0.996333 0.0178462 0.0836784 0.708381 0.0203368 0.999372 0.0290063 2.69848 -0.0831083 0.0306017 -0.996071 12.451 
-0.99636 0.018184 0.0832784 0.740506 0.0207671 0.999326 0.0302575 2.7049 -0.0826721 0.0318768 -0.996067 12.0463 
-0.996373 0.0189458 0.0829614 0.772632 0.0215542 0.999297 0.0306591 2.72066 -0.0823222 0.0323361 -0.996081 11.6334 
-0.996371 0.0195103 0.0828493 0.810228 0.0220041 0.999329 0.0292947 2.74211 -0.0822222 0.0310114 -0.996131 11.2119 
-0.99639 0.0197952 0.0825528 0.847615 0.0221852 0.999358 0.0281352 2.75434 -0.0819429 0.029865 -0.996189 10.7905 
-0.996408 0.0198814 0.0823134 0.884467 0.0225013 0.999265 0.0310244 2.75706 -0.0816361 0.0327651 -0.996123 10.359 
-0.996488 0.0173707 0.0819157 0.921984 0.0201945 0.999226 0.03377 2.76088 -0.0812656 0.0353057 -0.996067 9.92926 
-0.996518 0.0169079 0.0816466 0.958057 0.0195858 0.999292 0.0321106 2.77008 -0.0810459 0.0335979 -0.996144 9.49863 
-0.9965 0.017724 0.0816868 0.992163 0.0201797 0.999366 0.0293351 2.78419 -0.0811151 0.0308809 -0.996226 9.0618 
-0.996516 0.0190648 0.0811889 1.02946 0.0213346 0.999403 0.0271817 2.79376 -0.0806222 0.0288191 -0.996328 8.61579 
-0.996537 0.0183711 0.0810936 1.0663 0.0205212 0.999457 0.0257607 2.80302 -0.0805763 0.0273356 -0.996374 8.16538 
-0.996585 0.017733 0.0806479 1.10621 0.0198539 0.999476 0.0255725 2.81126 -0.0801522 0.0270863 -0.996415 7.70855 
-0.996687 0.0167103 0.0795918 1.14569 0.0187668 0.999507 0.0251598 2.82057 -0.0791322 0.0265701 -0.99651 7.23866 
-0.996801 0.0165615 0.0781853 1.18676 0.0186295 0.999494 0.0257954 2.82942 -0.0777185 0.0271695 -0.996605 6.7692 
-0.996877 0.0165598 0.0772148 1.2255 0.0186894 0.999462 0.02694 2.83475 -0.0767272 0.028299 -0.99665 6.29526 
-0.996961 0.0166992 0.0760874 1.26351 0.0187902 0.999463 0.026849 2.84246 -0.0755982 0.0281971 -0.99674 5.81309 
-0.997047 0.0179453 0.074665 1.29933 0.0200302 0.999427 0.0272689 2.84963 -0.0741329 0.0286839 -0.996836 5.33305 
-0.997104 0.0193377 0.0735569 1.33195 0.0213736 0.999407 0.0269916 2.85246 -0.0729913 0.0284856 -0.996926 4.85628 
-0.99719 0.0190686 0.0724461 1.37077 0.0210707 0.999414 0.0269723 2.86104 -0.0718893 0.028423 -0.997008 4.3744 
-0.997276 0.0187001 0.0713452 1.40681 0.0207057 0.999408 0.027476 2.86949 -0.0707891 0.0288784 -0.997073 3.89586 
-0.997368 0.0174675 0.0703671 1.44504 0.0195012 0.999409 0.0283194 2.87511 -0.0698308 0.0296171 -0.997119 3.42282 
-0.997417 0.0174555 0.0696682 1.47582 0.0195217 0.999386 0.0290874 2.88197 -0.0691177 0.0303723 -0.997146 2.94934 
-0.99745 0.0187669 0.0688602 1.50503 0.0208051 0.999363 0.0290026 2.88937 -0.0682721 0.0303613 -0.997205 2.48299 
-0.997478 0.0208192 0.0678532 1.53351 0.0229012 0.999286 0.0300516 2.89326 -0.0671791 0.0315297 -0.997243 2.01642 
-0.997567 0.0225337 0.0659698 1.5614 0.0245411 0.999255 0.0297777 2.90067 -0.0652497 0.0313242 -0.997377 1.55462 
-0.997659 0.0221342 0.064697 1.5914 0.0240227 0.999303 0.0285591 2.90643 -0.0640198 0.0300464 -0.997496 1.09621 
-0.997773 0.0205385 0.0634674 1.62243 0.0222933 0.999385 0.0270659 2.90937 -0.0628725 0.0284205 -0.997617 0.642321 
-0.997911 0.0192656 0.0616714 1.65277 0.0207985 0.999488 0.0243111 2.917 -0.0611715 0.025543 -0.9978 0.194283 
-0.997987 0.0203467 0.0600634 1.6767 0.0217973 0.999484 0.0235965 2.92157 -0.0595523 0.0248582 -0.997916 -0.251921 
-0.99804 0.0223741 0.0584356 1.69389 0.0238043 0.999431 0.023894 2.92914 -0.0578677 0.0252382 -0.998005 -0.695675 
-0.998112 0.0251326 0.0560391 1.71931 0.0265452 0.999345 0.0246067 2.93403 -0.055384 0.0260478 -0.998125 -1.13583 
-0.998237 0.0262815 0.0532216 1.73981 0.0276207 0.999316 0.0245848 2.93743 -0.0525391 0.0260114 -0.99828 -1.57256 
-0.998497 0.0249866 0.048782 1.76086 0.0261429 0.999389 0.0232117 2.93788 -0.0481722 0.0244521 -0.99854 -1.99594 
-0.998858 0.0203426 0.0432353 1.78357 0.0213527 0.999507 0.0230316 2.93621 -0.0427454 0.0239285 -0.998799 -2.42092 
