0 0 0 45.802 15.969 123 2012 10 31 15 11 13
-4.9236 -2.4083 -0.1 45.802 15.969 122.9 2012 10 31 15 11 14
-9.0698 -4.2608 -0.10001 45.802 15.969 122.9 2012 10 31 15 11 15
-12.309 -5.5575 -0.20001 45.802 15.969 122.8 2012 10 31 15 11 16
-15.03 -6.4838 -0.10002 45.802 15.969 122.9 2012 10 31 15 11 17
-17.233 -6.4838 -0.10003 45.802 15.969 122.9 2012 10 31 15 11 18
-19.435 -5.187 -3.1673e-05 45.802 15.969 123 2012 10 31 15 11 19
-21.249 -2.0378 0.099964 45.802 15.969 123.1 2012 10 31 15 11 20
-22.415 2.7788 0.09996 45.802 15.969 123.1 2012 10 31 15 11 21
-23.193 8.892 0.39995 45.802 15.969 123.4 2012 10 31 15 11 22
-23.711 15.746 1.0999 45.802 15.969 124.1 2012 10 31 15 11 23
-24.229 22.971 1.7999 45.802 15.969 124.8 2012 10 31 15 11 24
-24.618 29.64 2.8999 45.802 15.969 125.9 2012 10 31 15 11 25
-25.266 36.494 2.9998 45.802 15.969 126 2012 10 31 15 11 26
-25.395 43.163 3.6998 45.802 15.969 126.7 2012 10 31 15 11 27
-25.525 49.832 4.6998 45.802 15.969 127.7 2012 10 31 15 11 28
-26.561 56.131 5.3997 45.802 15.969 128.4 2012 10 31 15 11 29
-28.505 62.244 5.4996 45.802 15.969 128.5 2012 10 31 15 11 30
-30.707 67.987 6.4996 45.802 15.969 129.5 2012 10 31 15 11 31
-34.335 73.359 6.7995 45.803 15.969 129.8 2012 10 31 15 11 32
-39.906 76.508 6.9994 45.803 15.969 130 2012 10 31 15 11 33
-47.421 76.879 7.0994 45.803 15.969 130.1 2012 10 31 15 11 34
-54.159 76.694 6.7993 45.803 15.969 129.8 2012 10 31 15 11 35
-60.896 76.138 6.5993 45.803 15.969 129.6 2012 10 31 15 11 36
-67.893 75.767 6.6992 45.803 15.969 129.7 2012 10 31 15 11 37
-74.76 75.582 6.1991 45.803 15.968 129.2 2012 10 31 15 11 38
-82.404 75.212 5.699 45.803 15.968 128.7 2012 10 31 15 11 39
-90.049 74.656 5.1989 45.803 15.968 128.2 2012 10 31 15 11 40
-97.952 73.915 4.8988 45.803 15.968 127.9 2012 10 31 15 11 41
-106.12 73.36 4.4987 45.803 15.968 127.5 2012 10 31 15 11 42
-114.41 73.175 3.9986 45.803 15.968 127 2012 10 31 15 11 43
-122.31 72.989 3.4984 45.803 15.968 126.5 2012 10 31 15 11 44
-129.83 72.619 3.0983 45.803 15.968 126.1 2012 10 31 15 11 45
-136.95 72.249 2.6981 45.803 15.968 125.7 2012 10 31 15 11 46
-143.69 71.878 2.398 45.803 15.968 125.4 2012 10 31 15 11 47
-150.43 71.508 2.1978 45.803 15.967 125.2 2012 10 31 15 11 48
-157.16 70.952 1.8977 45.803 15.967 124.9 2012 10 31 15 11 49
-162.74 70.212 2.7975 45.803 15.967 125.8 2012 10 31 15 11 50
-167.92 69.841 2.7974 45.803 15.967 125.8 2012 10 31 15 11 51
-172.06 69.471 2.7973 45.803 15.967 125.8 2012 10 31 15 11 52
-174.53 69.286 2.9972 45.803 15.967 126 2012 10 31 15 11 53
-175.69 69.286 3.1972 45.803 15.967 126.2 2012 10 31 15 11 54
-176.73 69.1 3.5972 45.803 15.967 126.6 2012 10 31 15 11 55
-178.02 68.73 4.1971 45.803 15.967 127.2 2012 10 31 15 11 56
-180.49 67.989 5.8971 45.802 15.967 128.9 2012 10 31 15 11 57
-183.73 67.619 6.997 45.802 15.967 130 2012 10 31 15 11 58
-186.84 68.36 6.7969 45.802 15.967 129.8 2012 10 31 15 11 59
-190.72 69.657 8.6968 45.803 15.967 131.7 2012 10 31 15 12 0
-193.96 73.362 9.4966 45.803 15.967 132.5 2012 10 31 15 12 1
-196.03 78.364 9.4965 45.803 15.967 132.5 2012 10 31 15 12 2
-197.59 83.736 8.9964 45.803 15.967 132 2012 10 31 15 12 3
-198.63 88.182 8.8963 45.803 15.967 131.9 2012 10 31 15 12 4
-199.14 91.702 8.6962 45.803 15.967 131.7 2012 10 31 15 12 5
-199.14 94.295 8.2962 45.803 15.967 131.3 2012 10 31 15 12 6
-198.24 96.889 7.7962 45.803 15.967 130.8 2012 10 31 15 12 7
-195.77 99.853 7.4962 45.803 15.967 130.5 2012 10 31 15 12 8
-192.02 102.82 7.0963 45.803 15.967 130.1 2012 10 31 15 12 9
-187.74 105.04 6.4964 45.803 15.967 129.5 2012 10 31 15 12 10
-182.95 106.71 5.9965 45.803 15.967 129 2012 10 31 15 12 11
-177.12 108.19 5.5966 45.803 15.967 128.6 2012 10 31 15 12 12
-170.12 109.86 5.2968 45.803 15.967 128.3 2012 10 31 15 12 13
-162.22 112.08 4.797 45.803 15.967 127.8 2012 10 31 15 12 14
-153.54 114.3 4.4971 45.803 15.967 127.5 2012 10 31 15 12 15
-144.08 116.71 4.3973 45.803 15.968 127.4 2012 10 31 15 12 16
-133.97 119.49 4.1975 45.803 15.968 127.2 2012 10 31 15 12 17
-123.35 122.45 3.8976 45.803 15.968 126.9 2012 10 31 15 12 18
-112.46 125.41 3.6978 45.803 15.968 126.7 2012 10 31 15 12 19
-101.32 128.38 3.5979 45.803 15.968 126.6 2012 10 31 15 12 20
-90.437 131.34 3.398 45.803 15.968 126.4 2012 10 31 15 12 21
-79.812 134.12 3.0981 45.803 15.968 126.1 2012 10 31 15 12 22
-69.577 136.71 2.8982 45.803 15.969 125.9 2012 10 31 15 12 23
-59.73 139.49 2.6982 45.803 15.969 125.7 2012 10 31 15 12 24
-50.271 142.09 2.4982 45.803 15.969 125.5 2012 10 31 15 12 25
-41.72 144.31 2.2982 45.803 15.969 125.3 2012 10 31 15 12 26
-34.335 146.16 1.9982 45.803 15.969 125 2012 10 31 15 12 27
-28.116 147.83 1.7982 45.803 15.969 124.8 2012 10 31 15 12 28
-23.063 149.13 1.4982 45.803 15.969 124.5 2012 10 31 15 12 29
-18.916 150.24 1.2982 45.803 15.969 124.3 2012 10 31 15 12 30
-15.418 150.79 0.9982 45.803 15.969 124 2012 10 31 15 12 31
-11.79 150.79 0.7982 45.803 15.969 123.8 2012 10 31 15 12 32
-7.9035 149.31 0.69824 45.803 15.969 123.7 2012 10 31 15 12 33
-4.0165 146.72 0.49831 45.803 15.969 123.5 2012 10 31 15 12 34
-0.2591 142.83 0.2984 45.803 15.969 123.3 2012 10 31 15 12 35
3.2392 138.01 -0.0014962 45.803 15.969 123 2012 10 31 15 12 36
6.4782 132.45 -0.30138 45.803 15.97 122.7 2012 10 31 15 12 37
9.847 125.97 0.19875 45.803 15.97 123.2 2012 10 31 15 12 38
13.345 118.93 0.79888 45.803 15.97 123.8 2012 10 31 15 12 39
17.103 111.52 1.499 45.803 15.97 124.5 2012 10 31 15 12 40
21.119 104.3 1.9991 45.803 15.97 125 2012 10 31 15 12 41
24.877 96.885 2.1992 45.803 15.97 125.2 2012 10 31 15 12 42
28.634 89.29 2.2993 45.803 15.97 125.3 2012 10 31 15 12 43
32.262 81.695 2.2994 45.803 15.97 125.3 2012 10 31 15 12 44
35.89 74.285 2.2995 45.803 15.97 125.3 2012 10 31 15 12 45
39.647 67.246 2.2995 45.802 15.97 125.3 2012 10 31 15 12 46
42.757 59.836 2.2996 45.802 15.97 125.3 2012 10 31 15 12 47
45.996 52.981 2.1996 45.802 15.97 125.2 2012 10 31 15 12 48
49.235 46.312 2.1996 45.802 15.97 125.2 2012 10 31 15 12 49
51.956 40.755 2.1997 45.802 15.97 125.2 2012 10 31 15 12 50
53.9 36.68 1.6997 45.802 15.97 124.7 2012 10 31 15 12 51
55.325 33.716 1.4997 45.802 15.97 124.5 2012 10 31 15 12 52
55.844 31.678 1.0997 45.802 15.97 124.1 2012 10 31 15 12 53
54.677 28.899 1.7997 45.802 15.97 124.8 2012 10 31 15 12 54
53.252 26.676 1.1997 45.802 15.97 124.2 2012 10 31 15 12 55
50.402 24.453 1.0998 45.802 15.97 124.1 2012 10 31 15 12 56
46.644 22.045 1.0998 45.802 15.97 124.1 2012 10 31 15 12 57
41.85 19.451 0.69983 45.802 15.97 123.7 2012 10 31 15 12 58
36.02 16.673 0.39988 45.802 15.97 123.4 2012 10 31 15 12 59
29.671 13.894 0.39992 45.802 15.97 123.4 2012 10 31 15 13 0
23.193 11.115 0.099948 45.802 15.97 123.1 2012 10 31 15 13 1
16.455 7.9657 0.099974 45.802 15.97 123.1 2012 10 31 15 13 2
9.8472 4.8165 -9.4112e-06 45.802 15.97 123 2012 10 31 15 13 3
3.6279 2.0377 -0.2 45.802 15.969 122.8 2012 10 31 15 13 4
-1.6844 -0.74103 -0.2 45.802 15.969 122.8 2012 10 31 15 13 5
-6.0897 -2.964 -0.3 45.802 15.969 122.7 2012 10 31 15 13 6
-9.9767 -5.187 -0.40001 45.802 15.969 122.6 2012 10 31 15 13 7
-13.734 -6.4838 -0.40002 45.802 15.969 122.6 2012 10 31 15 13 8
-16.973 -6.669 -0.10003 45.802 15.969 122.9 2012 10 31 15 13 9
-19.565 -5.0017 0.19997 45.802 15.969 123.2 2012 10 31 15 13 10
-21.12 -1.2967 0.19996 45.802 15.969 123.2 2012 10 31 15 13 11
-21.767 3.8903 0.099962 45.802 15.969 123.1 2012 10 31 15 13 12
-22.545 9.6329 0.59995 45.802 15.969 123.6 2012 10 31 15 13 13
-23.322 15.561 1.1999 45.802 15.969 124.2 2012 10 31 15 13 14
-23.97 21.304 1.7999 45.802 15.969 124.8 2012 10 31 15 13 15
-24.488 26.861 1.9999 45.802 15.969 125 2012 10 31 15 13 16
-24.747 32.233 2.4999 45.802 15.969 125.5 2012 10 31 15 13 17
-25.136 37.42 2.3998 45.802 15.969 125.4 2012 10 31 15 13 18
-25.266 42.607 3.3998 45.802 15.969 126.4 2012 10 31 15 13 19
-25.525 48.165 3.8998 45.802 15.969 126.9 2012 10 31 15 13 20
