0.0 0.0 0.0 0.0 0.0 0.0 
0.0 0.0 0.0 0.0 0.0 -0.35 
0.0 0.0 0.0 0.0 0.0 -0.7 
0.0 0.0 0.0 0.0 0.0 -1.05 
0.0 0.0 0.0 0.0 0.0 -1.4 
0.0 0.0 0.0 0.0 0.0 -1.75 
0.0 0.0 0.0 0.0 0.0 -2.1 
0.0 0.0 0.0 0.0 0.0 -2.45 
0.0 0.0 0.0 0.0 0.0 -2.8 
0.0 0.0 0.0 0.0 0.0 -3.15 
0.0 0.0 0.0 0.0 0.0 -3.5 
0.0 0.0 0.0 0.0 0.0 -3.85 
0.0 0.0 0.0 0.0 0.0 -4.2 
0.0 0.0 0.0 0.0 0.0 -4.55 
0.0 0.0 0.0 0.0 0.0 -4.9 
0.0 0.0 0.0 0.0 0.0 -5.25 
0.0 0.0 0.0 0.0 0.0 -5.6 
0.0 0.0 0.0 0.0 0.0 -5.95 
0.0 0.0 0.0 0.0 0.0 -6.3 
0.0 0.0 0.0 0.0 0.0 -6.65 
