1.0 0.0 0.0 0.0 0.0 1.0 0.0 0.0 0.0 0.0 1.0 0.0 
1.0 0.0 0.0 0.0 0.0 1.0 0.0 0.0 0.0 0.0 1.0 0.5 
1.0 0.0 0.0 0.0 0.0 1.0 0.0 0.0 0.0 0.0 1.0 1.0 
1.0 0.0 0.0 0.0 0.0 1.0 0.0 0.0 0.0 0.0 1.0 1.5 
1.0 0.0 0.0 0.0 0.0 1.0 0.0 0.0 0.0 0.0 1.0 2.0 
1.0 0.0 0.0 0.0 0.0 1.0 0.0 0.0 0.0 0.0 1.0 2.5 
1.0 0.0 0.0 0.0 0.0 1.0 0.0 0.0 0.0 0.0 1.0 3.0 
1.0 0.0 0.0 0.0 0.0 1.0 0.0 0.0 0.0 0.0 1.0 3.5 
1.0 0.0 0.0 0.0 0.0 1.0 0.0 0.0 0.0 0.0 1.0 4.0 
1.0 0.0 0.0 0.0 0.0 1.0 0.0 0.0 0.0 0.0 1.0 4.5 
1.0 0.0 0.0 0.0 0.0 1.0 0.0 0.0 0.0 0.0 1.0 5.0 
1.0 0.0 0.0 0.0 0.0 1.0 0.0 0.0 0.0 0.0 1.0 5.5 
1.0 0.0 0.0 0.0 0.0 1.0 0.0 0.0 0.0 0.0 1.0 6.0 
1.0 0.0 0.0 0.0 0.0 1.0 0.0 0.0 0.0 0.0 1.0 6.5 
1.0 0.0 0.0 0.0 0.0 1.0 0.0 0.0 0.0 0.0 1.0 7.0 
1.0 0.0 0.0 0.0 0.0 1.0 0.0 0.0 0.0 0.0 1.0 7.5 
1.0 0.0 0.0 0.0 0.0 1.0 0.0 0.0 0.0 0.0 1.0 8.0 
1.0 0.0 0.0 0.0 0.0 1.0 0.0 0.0 0.0 0.0 1.0 8.5 
1.0 0.0 0.0 0.0 0.0 1.0 0.0 0.0 0.0 0.0 1.0 9.0 
1.0 0.0 0.0 0.0 0.0 1.0 0.0 0.0 0.0 0.0 1.0 9.5 
