0.000000000000000000e+00 0.000000000000000000e+00 0.000000000000000000e+00
-2.195000000000000284e+00 0.000000000000000000e+00 0.000000000000000000e+00
-4.388999999999999346e+00 1.296499999999999986e+00 9.999999999999431566e-02
-6.196999999999999176e+00 4.444799999999999862e+00 1.999999999999886313e-01
-7.358999999999998209e+00 9.260099999999999554e+00 1.999999999999886313e-01
-8.134000000000000341e+00 1.537170000000000059e+01 5.000000000000000000e-01
-8.649999999999998579e+00 2.222409999999999997e+01 1.199999999999988631e+00
-9.166000000000000369e+00 2.944709999999999894e+01 1.899999999999991473e+00
-9.553999999999998494e+00 3.611410000000000053e+01 3.000000000000000000e+00
-1.019899999999999807e+01 4.296610000000000440e+01 3.099999999999994316e+00
-1.032799999999999940e+01 4.963410000000000366e+01 3.799999999999997158e+00
-1.045700000000000074e+01 5.630110000000000525e+01 4.799999999999997158e+00
-1.148999999999999844e+01 6.259810000000000230e+01 5.500000000000000000e+00
-1.342699999999999960e+01 6.870909999999999229e+01 5.599999999999994316e+00
-1.562199999999999989e+01 7.445010000000000616e+01 6.599999999999994316e+00
-1.923699999999999832e+01 7.982110000000000127e+01 6.900000000000005684e+00
-2.478899999999999793e+01 8.297010000000000218e+01 7.099999999999994316e+00
-3.227700000000000102e+01 8.334010000000000673e+01 7.199999999999988631e+00
-3.899099999999999966e+01 8.315510000000000446e+01 6.900000000000005684e+00
-4.570399999999999352e+01 8.259910000000000707e+01 6.699999999999988631e+00
-5.267600000000000193e+01 8.222910000000000252e+01 6.799999999999982947e+00
-5.951899999999999125e+01 8.204410000000000025e+01 6.299999999999982947e+00
-6.713599999999999568e+01 8.167310000000000514e+01 5.799999999999982947e+00
-7.475399999999999068e+01 8.111809999999999832e+01 5.299999999999982947e+00
-8.262999999999999545e+01 8.037709999999999866e+01 5.000000000000000000e+00
-9.076299999999999102e+01 7.982110000000000127e+01 4.599999999999994316e+00
-9.902299999999999613e+01 7.963609999999999900e+01 4.099999999999994316e+00
-1.069029999999999916e+02 7.945109999999999673e+01 3.599999999999994316e+00
-1.143930000000000007e+02 7.908010000000000161e+01 3.199999999999988631e+00
-1.214929999999999950e+02 7.871009999999999707e+01 2.799999999999997158e+00
-1.282030000000000030e+02 7.834010000000000673e+01 2.500000000000000000e+00
-1.349230000000000018e+02 7.796909999999999741e+01 2.299999999999997158e+00
-1.416330000000000098e+02 7.741410000000000480e+01 2.000000000000000000e+00
-1.471829999999999927e+02 7.667310000000000514e+01 2.899999999999991473e+00
-1.523530000000000086e+02 7.630209999999999582e+01 2.899999999999991473e+00
-1.564830000000000041e+02 7.593210000000000548e+01 2.899999999999991473e+00
-1.589329999999999927e+02 7.574710000000000321e+01 3.099999999999994316e+00
-1.600929999999999893e+02 7.574710000000000321e+01 3.299999999999997158e+00
-1.611229999999999905e+02 7.556210000000000093e+01 3.699999999999988631e+00
-1.624230000000000018e+02 7.519110000000000582e+01 4.299999999999997158e+00
-1.648729999999999905e+02 7.445010000000000616e+01 6.000000000000000000e+00
-1.681030000000000086e+02 7.408010000000000161e+01 7.099999999999994316e+00
-1.712030000000000030e+02 7.482110000000000127e+01 6.900000000000005684e+00
-1.750730000000000075e+02 7.611710000000000775e+01 8.799999999999982947e+00
-1.783029999999999973e+02 7.982110000000000127e+01 9.599999999999994316e+00
-1.803629999999999995e+02 8.482210000000000605e+01 9.599999999999994316e+00
-1.819129999999999825e+02 9.019209999999999638e+01 9.099999999999994316e+00
-1.829429999999999836e+02 9.463710000000000377e+01 9.000000000000000000e+00
-1.834629999999999939e+02 9.815610000000000923e+01 8.799999999999982947e+00
-1.834629999999999939e+02 1.007490999999999985e+02 8.400000000000005684e+00
-1.825629999999999882e+02 1.033421000000000021e+02 7.900000000000005684e+00
-1.801030000000000086e+02 1.063050999999999959e+02 7.599999999999994316e+00
-1.763629999999999995e+02 1.092721000000000089e+02 7.199999999999988631e+00
-1.721030000000000086e+02 1.114921000000000078e+02 6.599999999999994316e+00
-1.673230000000000075e+02 1.131621000000000095e+02 6.099999999999994316e+00
-1.615130000000000052e+02 1.146420999999999992e+02 5.699999999999988631e+00
-1.545430000000000064e+02 1.163020999999999958e+02 5.400000000000005684e+00
-1.466629999999999825e+02 1.185320999999999998e+02 4.899999999999991473e+00
-1.380130000000000052e+02 1.207520999999999987e+02 4.599999999999994316e+00
-1.285929999999999893e+02 1.231621000000000095e+02 4.500000000000000000e+00
-1.185229999999999961e+02 1.259321000000000055e+02 4.299999999999997158e+00
-1.079329999999999927e+02 1.289020999999999901e+02 4.000000000000000000e+00
-9.709299999999998931e+01 1.318620999999999981e+02 3.799999999999997158e+00
-8.598299999999998988e+01 1.348221000000000060e+02 3.699999999999988631e+00
-7.514099999999999113e+01 1.377921000000000049e+02 3.500000000000000000e+00
-6.455400000000000205e+01 1.405621000000000151e+02 3.199999999999988631e+00
-5.435499999999998977e+01 1.431621000000000095e+02 3.000000000000000000e+00
-4.454200000000000159e+01 1.459421000000000106e+02 2.799999999999997158e+00
-3.511700000000000443e+01 1.485321000000000140e+02 2.599999999999994316e+00
-2.659600000000000009e+01 1.507521000000000129e+02 2.399999999999991473e+00
-1.923699999999999832e+01 1.526021000000000072e+02 2.099999999999994316e+00
-1.303999999999999915e+01 1.542720999999999947e+02 1.899999999999991473e+00
-8.004000000000001336e+00 1.555721000000000060e+02 1.599999999999994316e+00
-3.873000000000001108e+00 1.566820999999999913e+02 1.399999999999991473e+00
-3.870000000000004547e-01 1.572321000000000026e+02 1.099999999999994316e+00
3.227999999999999758e+00 1.572321000000000026e+02 8.999999999999914735e-01
7.101300000000000168e+00 1.557521000000000129e+02 7.999999999999971578e-01
1.097460000000000058e+01 1.531621000000000095e+02 5.999999999999943157e-01
1.471880999999999950e+01 1.492720999999999947e+02 3.999999999999914735e-01
1.820479999999999876e+01 1.444521000000000015e+02 9.999999999999431566e-02
2.143240000000000123e+01 1.389020999999999901e+02 -2.000000000000028422e-01
2.478930000000000078e+01 1.324221000000000004e+02 2.999999999999971578e-01
2.827499999999999858e+01 1.253821000000000083e+02 8.999999999999914735e-01
3.201900000000000546e+01 1.179720999999999975e+02 1.599999999999994316e+00
3.602200000000000557e+01 1.107520999999999987e+02 2.099999999999994316e+00
3.976600000000000534e+01 1.033421000000000021e+02 2.299999999999997158e+00
4.351000000000000512e+01 9.574810000000000798e+01 2.399999999999991473e+00
4.712500000000000000e+01 8.815510000000000446e+01 2.399999999999991473e+00
5.073999999999999488e+01 8.074710000000000321e+01 2.399999999999991473e+00
5.448399999999999466e+01 7.371009999999999707e+01 2.399999999999991473e+00
5.758299999999999841e+01 6.630209999999999582e+01 2.399999999999991473e+00
6.081100000000000705e+01 5.944910000000000139e+01 2.299999999999997158e+00
6.403799999999999670e+01 5.278209999999999980e+01 2.299999999999997158e+00
6.675000000000000000e+01 4.722610000000000241e+01 2.299999999999997158e+00
6.868600000000000705e+01 4.315210000000000434e+01 1.799999999999997158e+00
7.010699999999999932e+01 4.018810000000000571e+01 1.599999999999994316e+00
7.062300000000000466e+01 3.815109999999999957e+01 1.199999999999988631e+00
6.946099999999999852e+01 3.537310000000000088e+01 1.899999999999991473e+00
6.804099999999999682e+01 3.315109999999999957e+01 1.299999999999997158e+00
6.520000000000000284e+01 3.092810000000000059e+01 1.199999999999988631e+00
6.145600000000000307e+01 2.852110000000000056e+01 1.199999999999988631e+00
5.667900000000000205e+01 2.592810000000000059e+01 7.999999999999971578e-01
5.086899999999999977e+01 2.315009999999999835e+01 5.000000000000000000e-01
4.454299999999999926e+01 2.037209999999999965e+01 5.000000000000000000e-01
3.808800000000000097e+01 1.759410000000000096e+01 1.999999999999886313e-01
3.137399999999999878e+01 1.444559999999999889e+01 1.999999999999886313e-01
2.478930000000000078e+01 1.129729999999999990e+01 9.999999999999431566e-02
1.859210000000000207e+01 8.519299999999999429e+00 -1.000000000000085265e-01
1.329860000000000042e+01 5.741259999999999586e+00 -1.000000000000085265e-01
8.908899999999999153e+00 3.518899999999999917e+00 -2.000000000000028422e-01
