0 0 123 45.802 15.969 2012 10 31 15 11 13
-4.9061 -2.4076 122.9 45.802 15.969 2012 10 31 15 11 14
-9.0377 -4.2597 122.9 45.802 15.969 2012 10 31 15 11 15
-12.265 -5.556 122.8 45.802 15.969 2012 10 31 15 11 16
-14.977 -6.4821 122.9 45.802 15.969 2012 10 31 15 11 17
-17.172 -6.4821 122.9 45.802 15.969 2012 10 31 15 11 18
-19.366 -5.1856 123 45.802 15.969 2012 10 31 15 11 19
-21.174 -2.0373 123.1 45.802 15.969 2012 10 31 15 11 20
-22.336 2.778 123.1 45.802 15.969 2012 10 31 15 11 21
-23.111 8.8896 123.4 45.802 15.969 2012 10 31 15 11 22
-23.627 15.742 124.1 45.802 15.969 2012 10 31 15 11 23
-24.143 22.965 124.8 45.802 15.969 2012 10 31 15 11 24
-24.531 29.632 125.9 45.802 15.969 2012 10 31 15 11 25
-25.176 36.484 126 45.802 15.969 2012 10 31 15 11 26
-25.305 43.152 126.7 45.802 15.969 2012 10 31 15 11 27
-25.434 49.819 127.7 45.802 15.969 2012 10 31 15 11 28
-26.467 56.116 128.4 45.802 15.969 2012 10 31 15 11 29
-28.404 62.227 128.5 45.802 15.969 2012 10 31 15 11 30
-30.599 67.968 129.5 45.802 15.969 2012 10 31 15 11 31
-34.214 73.339 129.8 45.803 15.969 2012 10 31 15 11 32
-39.766 76.488 130 45.803 15.969 2012 10 31 15 11 33
-47.254 76.858 130.1 45.803 15.969 2012 10 31 15 11 34
-53.968 76.673 129.8 45.803 15.969 2012 10 31 15 11 35
-60.681 76.117 129.6 45.803 15.969 2012 10 31 15 11 36
-67.653 75.747 129.7 45.803 15.969 2012 10 31 15 11 37
-74.496 75.562 129.2 45.803 15.968 2012 10 31 15 11 38
-82.113 75.191 128.7 45.803 15.968 2012 10 31 15 11 39
-89.731 74.636 128.2 45.803 15.968 2012 10 31 15 11 40
-97.607 73.895 127.9 45.803 15.968 2012 10 31 15 11 41
-105.74 73.339 127.5 45.803 15.968 2012 10 31 15 11 42
-114 73.154 127 45.803 15.968 2012 10 31 15 11 43
-121.88 72.969 126.5 45.803 15.968 2012 10 31 15 11 44
-129.37 72.598 126.1 45.803 15.968 2012 10 31 15 11 45
-136.47 72.228 125.7 45.803 15.968 2012 10 31 15 11 46
-143.18 71.858 125.4 45.803 15.968 2012 10 31 15 11 47
-149.9 71.487 125.2 45.803 15.967 2012 10 31 15 11 48
-156.61 70.932 124.9 45.803 15.967 2012 10 31 15 11 49
-162.16 70.191 125.8 45.803 15.967 2012 10 31 15 11 50
-167.33 69.82 125.8 45.803 15.967 2012 10 31 15 11 51
-171.46 69.45 125.8 45.803 15.967 2012 10 31 15 11 52
-173.91 69.265 126 45.803 15.967 2012 10 31 15 11 53
-175.07 69.265 126.2 45.803 15.967 2012 10 31 15 11 54
-176.1 69.08 126.6 45.803 15.967 2012 10 31 15 11 55
-177.4 68.709 127.2 45.803 15.967 2012 10 31 15 11 56
-179.85 67.968 128.9 45.802 15.967 2012 10 31 15 11 57
-183.08 67.598 130 45.802 15.967 2012 10 31 15 11 58
-186.18 68.339 129.8 45.802 15.967 2012 10 31 15 11 59
-190.05 69.635 131.7 45.803 15.967 2012 10 31 15 12 0
-193.28 73.339 132.5 45.803 15.967 2012 10 31 15 12 1
-195.34 78.34 132.5 45.803 15.967 2012 10 31 15 12 2
-196.89 83.71 132 45.803 15.967 2012 10 31 15 12 3
-197.92 88.155 131.9 45.803 15.967 2012 10 31 15 12 4
-198.44 91.674 131.7 45.803 15.967 2012 10 31 15 12 5
-198.44 94.267 131.3 45.803 15.967 2012 10 31 15 12 6
-197.54 96.86 130.8 45.803 15.967 2012 10 31 15 12 7
-195.08 99.823 130.5 45.803 15.967 2012 10 31 15 12 8
-191.34 102.79 130.1 45.803 15.967 2012 10 31 15 12 9
-187.08 105.01 129.5 45.803 15.967 2012 10 31 15 12 10
-182.3 106.68 129 45.803 15.967 2012 10 31 15 12 11
-176.49 108.16 128.6 45.803 15.967 2012 10 31 15 12 12
-169.52 109.82 128.3 45.803 15.967 2012 10 31 15 12 13
-161.64 112.05 127.8 45.803 15.967 2012 10 31 15 12 14
-152.99 114.27 127.5 45.803 15.967 2012 10 31 15 12 15
-143.57 116.68 127.4 45.803 15.968 2012 10 31 15 12 16
-133.5 119.45 127.2 45.803 15.968 2012 10 31 15 12 17
-122.91 122.42 126.9 45.803 15.968 2012 10 31 15 12 18
-112.07 125.38 126.7 45.803 15.968 2012 10 31 15 12 19
-100.96 128.34 126.6 45.803 15.968 2012 10 31 15 12 20
-90.118 131.31 126.4 45.803 15.968 2012 10 31 15 12 21
-79.531 134.08 126.1 45.803 15.968 2012 10 31 15 12 22
-69.332 136.68 125.9 45.803 15.969 2012 10 31 15 12 23
-59.519 139.46 125.7 45.803 15.969 2012 10 31 15 12 24
-50.094 142.05 125.5 45.803 15.969 2012 10 31 15 12 25
-41.573 144.27 125.3 45.803 15.969 2012 10 31 15 12 26
-34.214 146.12 125 45.803 15.969 2012 10 31 15 12 27
-28.017 147.79 124.8 45.803 15.969 2012 10 31 15 12 28
-22.981 149.09 124.5 45.803 15.969 2012 10 31 15 12 29
-18.85 150.2 124.3 45.803 15.969 2012 10 31 15 12 30
-15.364 150.75 124 45.803 15.969 2012 10 31 15 12 31
-11.749 150.75 123.8 45.803 15.969 2012 10 31 15 12 32
-7.8757 149.27 123.7 45.803 15.969 2012 10 31 15 12 33
-4.0024 146.68 123.5 45.803 15.969 2012 10 31 15 12 34
-0.25819 142.79 123.3 45.803 15.969 2012 10 31 15 12 35
3.2278 137.97 123 45.803 15.969 2012 10 31 15 12 36
6.4554 132.42 122.7 45.803 15.97 2012 10 31 15 12 37
9.8123 125.94 123.2 45.803 15.97 2012 10 31 15 12 38
13.298 118.9 123.8 45.803 15.97 2012 10 31 15 12 39
17.042 111.49 124.5 45.803 15.97 2012 10 31 15 12 40
21.045 104.27 125 45.803 15.97 2012 10 31 15 12 41
24.789 96.86 125.2 45.803 15.97 2012 10 31 15 12 42
28.533 89.266 125.3 45.803 15.97 2012 10 31 15 12 43
32.148 81.673 125.3 45.803 15.97 2012 10 31 15 12 44
35.763 74.265 125.3 45.803 15.97 2012 10 31 15 12 45
39.507 67.228 125.3 45.802 15.97 2012 10 31 15 12 46
42.606 59.82 125.3 45.802 15.97 2012 10 31 15 12 47
45.834 52.967 125.2 45.802 15.97 2012 10 31 15 12 48
49.061 46.3 125.2 45.802 15.97 2012 10 31 15 12 49
51.773 40.744 125.2 45.802 15.97 2012 10 31 15 12 50
53.709 36.67 124.7 45.802 15.97 2012 10 31 15 12 51
55.13 33.706 124.5 45.802 15.97 2012 10 31 15 12 52
55.646 31.669 124.1 45.802 15.97 2012 10 31 15 12 53
54.484 28.891 124.8 45.802 15.97 2012 10 31 15 12 54
53.064 26.669 124.2 45.802 15.97 2012 10 31 15 12 55
50.223 24.446 124.1 45.802 15.97 2012 10 31 15 12 56
46.479 22.039 124.1 45.802 15.97 2012 10 31 15 12 57
41.702 19.446 123.7 45.802 15.97 2012 10 31 15 12 58
35.892 16.668 123.4 45.802 15.97 2012 10 31 15 12 59
29.566 13.89 123.4 45.802 15.97 2012 10 31 15 13 0
23.111 11.112 123.1 45.802 15.97 2012 10 31 15 13 1
16.397 7.9635 123.1 45.802 15.97 2012 10 31 15 13 2
9.8123 4.8152 123 45.802 15.97 2012 10 31 15 13 3
3.6151 2.0372 122.8 45.802 15.969 2012 10 31 15 13 4
-1.6784 -0.74084 122.8 45.802 15.969 2012 10 31 15 13 5
-6.0681 -2.9632 122.7 45.802 15.969 2012 10 31 15 13 6
-9.9414 -5.1856 122.6 45.802 15.969 2012 10 31 15 13 7
-13.686 -6.4821 122.6 45.802 15.969 2012 10 31 15 13 8
-16.913 -6.6672 122.9 45.802 15.969 2012 10 31 15 13 9
-19.496 -5.0004 123.2 45.802 15.969 2012 10 31 15 13 10
-21.045 -1.2964 123.2 45.802 15.969 2012 10 31 15 13 11
-21.69 3.8892 123.1 45.802 15.969 2012 10 31 15 13 12
-22.465 9.6303 123.6 45.802 15.969 2012 10 31 15 13 13
-23.24 15.557 124.2 45.802 15.969 2012 10 31 15 13 14
-23.885 21.298 124.8 45.802 15.969 2012 10 31 15 13 15
-24.402 26.854 125 45.802 15.969 2012 10 31 15 13 16
-24.66 32.225 125.5 45.802 15.969 2012 10 31 15 13 17
-25.047 37.41 125.4 45.802 15.969 2012 10 31 15 13 18
-25.176 42.596 126.4 45.802 15.969 2012 10 31 15 13 19
-25.434 48.152 126.9 45.802 15.969 2012 10 31 15 13 20
