3.049999999999999822e+00
3.090000040690102701e+00
3.129999430338542332e+00
3.170000122070312010e+00
3.209999511718748089e+00
3.249999552408854520e+00
3.290000244140624197e+00
3.329999633789063829e+00
3.369999674479166707e+00
3.409999715169269585e+00
3.449999755859376016e+00
3.490000447591145694e+00
3.529999837239581773e+00
3.569999877929688203e+00
3.609999918619791082e+00
3.649999959309893960e+00
3.690000651041667190e+00
3.730000040690103269e+00
3.769999430338542901e+00
3.810000122070312578e+00
3.849999511718748657e+00
3.890000203450521887e+00
3.929999593098957966e+00
3.969999633789060844e+00
4.010000325520830522e+00
4.049999715169273706e+00
4.090000406901043384e+00
4.129999796549479463e+00
4.169999837239582341e+00
4.210000528971352018e+00
4.249999918619788097e+00
4.290000610351564880e+00
4.330000000000000959e+00
4.370000040690103837e+00
4.410000081380206716e+00
4.449999471028642795e+00
4.489999511718752778e+00
4.529999552408855656e+00
4.569999593098958535e+00
4.610000284830728212e+00
4.649999674479164291e+00
4.689999715169267169e+00
4.730000406901043952e+00
4.769999796549480031e+00
4.810000488281249709e+00
4.849999877929685788e+00
4.889999918619788666e+00
4.930000610351565449e+00
4.970000000000001528e+00
5.010000040690104406e+00
5.049999430338540485e+00
5.089999471028643363e+00
5.130000162760413041e+00
5.169999552408856225e+00
5.210000244140625902e+00
5.249999633789061981e+00
5.289999674479164860e+00
5.330000366210934537e+00
5.369999755859377721e+00
5.409999796549480600e+00
5.449999837239583478e+00
5.489999877929686356e+00
5.530000569661456034e+00
5.569999959309892112e+00
5.610000000000002096e+00
5.650000040690104974e+00
5.689999430338541053e+00
5.730000122070310731e+00
5.769999511718746810e+00
5.809999552408856793e+00
5.849999593098959672e+00
5.889999633789062550e+00
5.930000325520832227e+00
5.969999715169268306e+00
6.009999755859378290e+00
6.049999796549481168e+00
6.089999837239584046e+00
6.130000528971353724e+00
6.169999918619789803e+00
6.209999959309892681e+00
6.250000651041669464e+00
6.290000040690105543e+00
6.329999430338541622e+00
6.369999471028644500e+00
6.409999511718747378e+00
6.450000203450524161e+00
6.489999593098960240e+00
6.529999633789063118e+00
6.569999674479165996e+00
6.609999715169268875e+00
6.650000406901038552e+00
6.689999796549481736e+00
6.729999837239584615e+00
6.769999877929687493e+00
6.809999918619790371e+00
6.850000610351560049e+00
6.890000000000003233e+00
6.930000040690106111e+00
6.970000081380208989e+00
7.009999471028645068e+00
7.050000162760414746e+00
7.089999552408850825e+00
7.129999593098960808e+00
7.170000284830730486e+00
7.209999674479166565e+00
7.250000366210936242e+00
7.289999755859372321e+00
7.329999796549482305e+00
7.370000488281251982e+00
7.409999877929688061e+00
7.449999918619790940e+00
7.489999959309893818e+00
7.529999999999996696e+00
7.570000691731773479e+00
7.609999430338542759e+00
7.649999471028645637e+00
7.689999511718748515e+00
7.729999552408851393e+00
7.769999593098961377e+00
7.809999633789064255e+00
7.849999674479167133e+00
7.889999715169270011e+00
7.929999755859372890e+00
7.970000447591142567e+00
8.009999837239586640e+00
8.049999877929689518e+00
8.090000569661459195e+00
8.129999959309895274e+00
8.169999999999998153e+00
8.210000040690108136e+00
8.249999430338544215e+00
8.290000122070313893e+00
8.329999511718749972e+00
8.369999552408852850e+00
8.409999593098955728e+00
8.449999633789065712e+00
8.490000325520835389e+00
8.529999715169271468e+00
8.569999755859374346e+00
8.609999796549477225e+00
8.649999837239587208e+00
8.690000528971356886e+00
8.729999918619792965e+00
8.769999959309895843e+00
8.810000651041665520e+00
8.850000040690101599e+00
8.890000081380211583e+00
8.929999471028647662e+00
8.969999511718750540e+00
9.010000203450520218e+00
9.049999593098956296e+00
9.089999633789066280e+00
9.129999674479169158e+00
9.169999715169272037e+00
9.210000406901041714e+00
9.249999796549477793e+00
9.289999837239580671e+00
9.329999877929690655e+00
9.369999918619793533e+00
9.410000610351563211e+00
9.449999999999999289e+00
9.490000040690102168e+00
9.529999430338545352e+00
9.569999471028648230e+00
9.610000162760417908e+00
9.649999552408853987e+00
9.689999593098956865e+00
9.729999633789059743e+00
9.769999674479169727e+00
9.809999715169272605e+00
9.849999755859375483e+00
9.889999796549478361e+00
9.930000488281248039e+00
9.969999877929691223e+00
1.000999991861979410e+01
1.004999995930989698e+01
1.008999999999999986e+01
1.013000069173176954e+01
1.016999943033854592e+01
1.020999947102864880e+01
1.024999951171875168e+01
1.028999955240885456e+01
1.033000024414062423e+01
1.036999963378906031e+01
1.040999967447917030e+01
1.044999971516927317e+01
1.048999975585937605e+01
1.053000044759114573e+01
1.056999983723958181e+01
1.060999987792968469e+01
1.064999991861979467e+01
1.068999995930989755e+01
1.073000000000000043e+01
1.077000004069010330e+01
1.080999943033853938e+01
1.085000012207031617e+01
1.088999951171875225e+01
1.092999955240885512e+01
1.096999959309895800e+01
1.100999963378906088e+01
1.105000032552083056e+01
1.108999971516927374e+01
1.112999975585937662e+01
1.116999979654947950e+01
1.120999983723958238e+01
1.125000052897135205e+01
1.128999991861979524e+01
1.132999995930989812e+01
1.137000000000000099e+01
1.141000004069010387e+01
1.144999943033853995e+01
1.148999947102864994e+01
1.152999951171875281e+01
1.156999955240885569e+01
1.160999959309895857e+01
1.164999963378906145e+01
1.168999967447916433e+01
1.172999971516927431e+01
1.177000040690104399e+01
1.180999979654948007e+01
1.184999983723958294e+01
1.188999987792968582e+01
1.192999991861979581e+01
1.197000061035156548e+01
1.201000000000000156e+01
1.205000004069010444e+01
1.208999943033854052e+01
1.212999947102864340e+01
1.217000016276042018e+01
1.220999955240885626e+01
1.224999959309895914e+01
1.228999963378906202e+01
1.232999967447916490e+01
1.236999971516927488e+01
1.240999975585937776e+01
1.244999979654948064e+01
1.249000048828125031e+01
1.252999987792968639e+01
1.257000056966145607e+01
1.260999995930989925e+01
1.265000000000000213e+01
1.269000069173177181e+01
1.272999943033854109e+01
1.276999947102864397e+01
1.280999951171875395e+01
1.284999955240885683e+01
1.289000024414062651e+01
1.292999963378906259e+01
1.296999967447916546e+01
1.300999971516926834e+01
1.304999975585937833e+01
1.309000044759114800e+01
1.312999983723958408e+01
1.316999987792968696e+01
1.321000056966145664e+01
1.324999995930989982e+01
1.329000065104166950e+01
1.333000004069010558e+01
1.336999943033854166e+01
1.341000012207031133e+01
1.344999951171874741e+01
1.349000020345052420e+01
1.352999959309896028e+01
1.356999963378906315e+01
1.361000032552083283e+01
1.364999971516926891e+01
1.369000040690104569e+01
1.372999979654948177e+01
1.376999983723958465e+01
1.381000052897135433e+01
1.384999991861979041e+01
1.388999995930989328e+01
1.393000000000000327e+01
1.397000004069010615e+01
1.401000008138020902e+01
1.404999947102864510e+01
1.408999951171874798e+01
1.413000020345052477e+01
1.416999959309896084e+01
1.420999963378906372e+01
1.424999967447916660e+01
1.428999971516926948e+01
1.432999975585937236e+01
1.436999979654948234e+01
1.440999983723958522e+01
1.444999987792968810e+01
1.448999991861979098e+01
1.452999995930989385e+01
1.457000000000000384e+01
1.461000069173177351e+01
1.464999943033854279e+01
1.468999947102864567e+01
1.473000016276041535e+01
1.476999955240885143e+01
1.480999959309896141e+01
1.484999963378906429e+01
1.488999967447916717e+01
1.493000036621093685e+01
1.496999975585937293e+01
1.500999979654948291e+01
1.505000048828125259e+01
1.508999987792968867e+01
1.513000056966145834e+01
1.516999995930989442e+01
1.520999999999999730e+01
1.525000004069010728e+01
1.528999943033854336e+01
1.532999947102864624e+01
1.536999951171874912e+01
1.540999955240885200e+01
1.544999959309896198e+01
1.548999963378906486e+01
1.552999967447916774e+01
1.556999971516927062e+01
1.560999975585937349e+01
1.565000044759114317e+01
1.568999983723958636e+01
1.572999987792968923e+01
1.576999991861979211e+01
1.580999995930989499e+01
1.585000065104166467e+01
1.589000004069010785e+01
1.592999943033854393e+01
1.596999947102864681e+01
1.600999951171874969e+01
1.605000020345051936e+01
1.608999959309896255e+01
1.612999963378906543e+01
1.616999967447916831e+01
1.620999971516927118e+01
1.625000040690104086e+01
1.628999979654947694e+01
1.632999983723958692e+01
1.636999987792968980e+01
1.640999991861979268e+01
1.645000061035156236e+01
1.648999999999999844e+01
1.653000004069010842e+01
1.657000008138021130e+01
1.660999947102864738e+01
1.665000016276041706e+01
1.668999955240885313e+01
1.672999959309895601e+01
1.677000028483073280e+01
1.680999967447916887e+01
1.684999971516927175e+01
1.688999975585937463e+01
1.692999979654947751e+01
1.697000048828124719e+01
1.700999987792969037e+01
1.704999991861979325e+01
1.708999995930989613e+01
1.712999999999999901e+01
1.717000069173176868e+01
1.720999943033854507e+01
1.724999947102864795e+01
1.728999951171875082e+01
1.732999955240885370e+01
1.737000024414062338e+01
1.740999963378906656e+01
1.744999967447916944e+01
1.749000036621093912e+01
1.752999975585937520e+01
1.756999979654947808e+01
1.760999983723958096e+01
1.764999987792969094e+01
1.769000056966146062e+01
1.772999995930989670e+01
1.776999999999999957e+01
1.781000004069010245e+01
1.784999943033854564e+01
1.789000012207031531e+01
1.792999951171875139e+01
1.796999955240885427e+01
1.800999959309895715e+01
1.804999963378906003e+01
1.809000032552083681e+01
1.812999971516927289e+01
1.816999975585937577e+01
1.820999979654947865e+01
1.824999983723958152e+01
1.829000052897135831e+01
1.832999991861979439e+01
1.836999995930989726e+01
1.841000000000000014e+01
1.845000004069010302e+01
1.848999943033853910e+01
1.852999947102864908e+01
1.856999951171875196e+01
1.861000020345052164e+01
1.864999959309895772e+01
1.868999963378906060e+01
1.872999967447917058e+01
1.876999971516927346e+01
1.881000040690104314e+01
1.884999979654947921e+01
1.888999983723958209e+01
1.893000052897135177e+01
1.896999991861979495e+01
1.900999995930989783e+01
1.905000000000000071e+01
1.909000004069010359e+01
1.912999943033853967e+01
1.916999947102864965e+01
1.921000016276041933e+01
1.924999955240885541e+01
1.928999959309895829e+01
1.933000028483072796e+01
1.936999967447916404e+01
1.941000036621094083e+01
1.944999975585937690e+01
1.948999979654947978e+01
1.953000048828124946e+01
1.956999987792968554e+01
1.960999991861979552e+01
1.964999995930989840e+01
1.969000000000000128e+01
1.973000069173177096e+01
1.976999943033854024e+01
1.980999947102864311e+01
1.984999951171875310e+01
1.988999955240885598e+01
1.993000024414062565e+01
1.996999963378906173e+01
2.000999967447916461e+01
2.004999971516927459e+01
2.008999975585937747e+01
2.012999979654948035e+01
2.016999983723958323e+01
2.020999987792968611e+01
2.025000056966145578e+01
2.028999995930989897e+01
2.033000065104166865e+01
2.037000004069010473e+01
2.040999943033854080e+01
2.045000012207031048e+01
2.048999951171875367e+01
2.052999955240885654e+01
2.056999959309895942e+01
2.060999963378906230e+01
2.065000032552083198e+01
2.068999971516926806e+01
2.072999975585937804e+01
2.076999979654948092e+01
2.080999983723958380e+01
2.085000052897135348e+01
2.088999991861978955e+01
2.092999995930989954e+01
2.097000065104166922e+01
2.101000004069010529e+01
2.105000008138020817e+01
2.108999947102864425e+01
2.112999951171875423e+01
2.117000020345052391e+01
2.120999959309895999e+01
2.124999963378906287e+01
2.128999967447916575e+01
2.132999971516926863e+01
2.137000040690104541e+01
2.140999979654948149e+01
2.144999983723958437e+01
2.148999987792968724e+01
2.152999991861979012e+01
2.157000061035155980e+01
2.161000000000000298e+01
2.165000004069010586e+01
2.168999943033854194e+01
2.172999947102864482e+01
2.177000016276041450e+01
2.180999955240885768e+01
2.184999959309896056e+01
2.188999963378906344e+01
2.192999967447916632e+01
2.196999971516926919e+01
2.200999975585937918e+01
2.204999979654948206e+01
2.208999983723958493e+01
2.212999987792968781e+01
2.217000056966145749e+01
2.220999995930989357e+01
2.225000000000000355e+01
2.229000069173177323e+01
2.232999943033854251e+01
2.236999947102864539e+01
2.240999951171874827e+01
2.244999955240885825e+01
2.249000024414062793e+01
2.252999963378906401e+01
2.256999967447916688e+01
2.260999971516926976e+01
2.264999975585937264e+01
2.269000044759114942e+01
2.272999983723958550e+01
2.276999987792968838e+01
2.280999991861979126e+01
2.284999995930989414e+01
2.289000065104167092e+01
2.293000004069010700e+01
2.296999943033854308e+01
2.301000012207031276e+01
2.304999951171874883e+01
2.309000020345051851e+01
2.312999959309896170e+01
2.316999963378906457e+01
2.320999967447916745e+01
2.324999971516927033e+01
2.328999975585937321e+01
2.332999979654948319e+01
2.336999983723958607e+01
2.341000052897135575e+01
2.344999991861979183e+01
2.348999995930989471e+01
2.352999999999999758e+01
2.357000004069010757e+01
2.361000008138021045e+01
2.364999947102864652e+01
2.368999951171874940e+01
2.373000020345051908e+01
2.376999959309896227e+01
2.381000028483073194e+01
2.384999967447916802e+01
2.388999971516927090e+01
2.392999975585937378e+01
2.396999979654947666e+01
2.401000048828125344e+01
2.404999987792968952e+01
2.408999991861979240e+01
2.412999995930989527e+01
2.416999999999999815e+01
2.421000069173177494e+01
2.424999943033854422e+01
2.428999947102864709e+01
2.433000016276041677e+01
2.436999955240885285e+01
2.441000024414062253e+01
2.444999963378906571e+01
2.448999967447916859e+01
2.453000036621093827e+01
2.456999975585937435e+01
2.460999979654947722e+01
2.464999983723958721e+01
2.468999987792969009e+01
2.473000056966145976e+01
2.476999995930989584e+01
2.480999999999999872e+01
2.485000004069010160e+01
2.488999943033854478e+01
2.493000012207031446e+01
2.496999951171875054e+01
2.500999955240885342e+01
2.505000024414062310e+01
2.508999963378906628e+01
2.512999967447916916e+01
2.516999971516927204e+01
2.520999975585937491e+01
2.524999979654947779e+01
2.528999983723958067e+01
2.533000052897135745e+01
2.536999991861979353e+01
2.540999995930989641e+01
2.545000065104166609e+01
2.549000004069010217e+01
2.552999943033854535e+01
2.556999947102864823e+01
2.560999951171875111e+01
2.565000020345052079e+01
2.568999959309895686e+01
2.572999963378905974e+01
2.576999967447916973e+01
2.580999971516927260e+01
2.585000040690104228e+01
2.588999979654947836e+01
2.592999983723958124e+01
2.596999987792969122e+01
2.600999991861979410e+01
2.604999995930989698e+01
2.608999999999999986e+01
2.613000004069010274e+01
2.616999943033854592e+01
2.620999947102864880e+01
2.625000016276041848e+01
2.628999955240885456e+01
2.632999959309895743e+01
2.636999963378906031e+01
2.640999967447917030e+01
2.644999971516927317e+01
2.648999975585937605e+01
2.652999979654947893e+01
2.657000048828124861e+01
2.660999987792968469e+01
2.665000056966146147e+01
2.668999995930989755e+01
2.673000000000000043e+01
2.677000069173177010e+01
2.680999943033853938e+01
2.684999947102864937e+01
2.688999951171875225e+01
2.692999955240885512e+01
2.697000024414062480e+01
2.700999963378906088e+01
2.704999967447917086e+01
2.708999971516927374e+01
2.712999975585937662e+01
2.717000044759114630e+01
2.720999983723958238e+01
2.724999987792968525e+01
2.728999991861979524e+01
2.732999995930989812e+01
2.737000000000000099e+01
2.741000004069010387e+01
2.744999943033853995e+01
2.748999947102864994e+01
2.752999951171875281e+01
2.757000020345052249e+01
2.760999959309895857e+01
2.764999963378906145e+01
2.769000032552083113e+01
2.772999971516927431e+01
2.777000040690104399e+01
2.780999979654948007e+01
2.784999983723958294e+01
2.789000052897135262e+01
2.792999991861979581e+01
2.796999995930989868e+01
2.801000000000000156e+01
2.805000004069010444e+01
2.809000008138020732e+01
2.812999947102864340e+01
2.816999951171875338e+01
2.820999955240885626e+01
2.824999959309895914e+01
2.829000028483072882e+01
2.832999967447916490e+01
2.836999971516927488e+01
2.841000040690104456e+01
2.844999979654948064e+01
2.849000048828125031e+01
2.852999987792968639e+01
2.856999991861978927e+01
2.860999995930989925e+01
2.865000000000000213e+01
2.869000069173177181e+01
2.872999943033854109e+01
2.876999947102864397e+01
2.880999951171875395e+01
2.884999955240885683e+01
2.889000024414062651e+01
2.892999963378906259e+01
2.896999967447916546e+01
2.901000036621093514e+01
2.904999975585937833e+01
2.908999979654948120e+01
2.912999983723958408e+01
2.916999987792968696e+01
2.921000056966145664e+01
2.924999995930989982e+01
2.929000000000000270e+01
2.933000004069010558e+01
2.936999943033854166e+01
2.941000012207031133e+01
2.944999951171874741e+01
2.948999955240885740e+01
2.953000024414062707e+01
2.956999963378906315e+01
2.961000032552083283e+01
2.964999971516926891e+01
2.968999975585937889e+01
2.972999979654948177e+01
2.976999983723958465e+01
2.981000052897135433e+01
2.984999991861979041e+01
2.988999995930989328e+01
2.993000065104167007e+01
2.997000004069010615e+01
3.001000008138020902e+01
3.004999947102864510e+01
3.008999951171874798e+01
3.013000020345052477e+01
3.016999959309896084e+01
3.020999963378906372e+01
3.024999967447916660e+01
3.028999971516926948e+01
3.032999975585937236e+01
3.036999979654948234e+01
3.041000048828125202e+01
3.044999987792968810e+01
3.048999991861979098e+01
3.053000061035156065e+01
3.057000000000000384e+01
3.061000004069010672e+01
3.064999943033854279e+01
3.068999947102864567e+01
3.073000016276041535e+01
3.076999955240885143e+01
3.080999959309896141e+01
3.084999963378906429e+01
3.088999967447916717e+01
3.093000036621093685e+01
3.096999975585937293e+01
3.100999979654948291e+01
3.104999983723958579e+01
3.108999987792968867e+01
3.113000056966145834e+01
3.116999995930989442e+01
3.120999999999999730e+01
3.125000004069010728e+01
3.128999943033854336e+01
3.132999947102864624e+01
3.136999951171874912e+01
3.140999955240885200e+01
3.145000024414062878e+01
3.148999963378906486e+01
3.153000032552083454e+01
3.156999971516927062e+01
3.160999975585937349e+01
3.164999979654947637e+01
3.168999983723958636e+01
3.173000052897135603e+01
3.176999991861979211e+01
3.180999995930989499e+01
3.184999999999999787e+01
3.189000004069010785e+01
3.193000008138021073e+01
3.196999947102864681e+01
3.200999951171874613e+01
3.205000020345051581e+01
3.208999959309895900e+01
3.212999963378906187e+01
3.216999967447916475e+01
3.220999971516926763e+01
3.225000040690103731e+01
3.228999979654947339e+01
3.232999983723958337e+01
3.236999987792968625e+01
3.240999991861978913e+01
3.245000061035155881e+01
3.248999999999999488e+01
3.253000004069010487e+01
3.256999943033854095e+01
3.260999947102864382e+01
3.265000016276041350e+01
3.268999955240884958e+01
3.272999959309895246e+01
3.276999963378906244e+01
3.280999967447916532e+01
3.285000036621093500e+01
3.288999975585937108e+01
3.292999979654947396e+01
3.296999983723958394e+01
3.300999987792968682e+01
3.305000056966145650e+01
3.308999995930989257e+01
3.312999999999999545e+01
3.317000004069009833e+01
3.320999943033854152e+01
3.324999947102864439e+01
3.328999951171874727e+01
3.332999955240885015e+01
3.337000024414061983e+01
3.340999963378906301e+01
3.345000032552083269e+01
3.348999971516926877e+01
3.352999975585937165e+01
3.356999979654947452e+01
3.360999983723957740e+01
3.365000052897135419e+01
3.368999991861979026e+01
3.372999995930989314e+01
3.377000065104166282e+01
3.381000004069009890e+01
3.384999943033854208e+01
3.388999947102864496e+01
3.392999951171874784e+01
3.397000020345051752e+01
3.400999959309895360e+01
3.404999963378905647e+01
3.408999967447916646e+01
3.412999971516926934e+01
3.417000040690103901e+01
3.420999979654947509e+01
3.424999983723957797e+01
3.428999987792968795e+01
3.432999991861979083e+01
3.437000061035156051e+01
3.440999999999999659e+01
3.445000004069009947e+01
3.448999943033853555e+01
3.452999947102864553e+01
3.457000016276041521e+01
3.460999955240885129e+01
3.464999959309895416e+01
3.468999963378905704e+01
3.472999967447916703e+01
3.476999971516926990e+01
3.480999975585937278e+01
3.484999979654947566e+01
3.488999983723957854e+01
3.492999987792968142e+01
3.497000056966145820e+01
3.500999995930989428e+01
3.504999999999999716e+01
3.509000004069010004e+01
3.512999943033853611e+01
3.517000012207031290e+01
3.520999951171874898e+01
3.524999955240885186e+01
3.529000024414062153e+01
3.532999963378905761e+01
3.537000032552082729e+01
3.540999971516927047e+01
3.544999975585937335e+01
3.549000044759114303e+01
3.552999983723957911e+01
3.556999987792968199e+01
3.560999991861979197e+01
3.564999995930989485e+01
3.569000065104166453e+01
3.573000004069010060e+01
3.576999943033853668e+01
3.580999947102863956e+01
3.584999951171874955e+01
3.589000020345051922e+01
3.592999959309895530e+01
3.596999963378905818e+01
3.600999967447916106e+01
3.604999971516927104e+01
3.609000040690103361e+01
3.612999979654947680e+01
3.616999983723957968e+01
3.621000052897135646e+01
3.624999991861978543e+01
3.629000061035156222e+01
3.632999999999999119e+01
3.637000004069010828e+01
3.640999943033853725e+01
3.644999947102864013e+01
3.649000016276041691e+01
3.652999955240884589e+01
3.656999959309894876e+01
3.661000028483072555e+01
3.664999967447916873e+01
3.669000036621093130e+01
3.672999975585937449e+01
3.676999979654947737e+01
3.680999983723958024e+01
3.684999987792968312e+01
3.689000056966145991e+01
3.692999995930988888e+01
3.696999999999999176e+01
3.701000004069009464e+01
3.704999943033853782e+01
3.708999947102864070e+01
3.712999951171874358e+01
3.716999955240884645e+01
3.720999959309894933e+01
3.724999963378906642e+01
3.729000032552082899e+01
3.732999971516927218e+01
3.736999975585937506e+01
3.741000044759113763e+01
3.744999983723958081e+01
3.749000052897135760e+01
3.752999991861978657e+01
3.756999995930988945e+01
3.761000065104166623e+01
3.765000004069009520e+01
3.769000008138021229e+01
3.772999947102864127e+01
3.776999951171874415e+01
3.781000020345052093e+01
3.784999959309894990e+01
3.788999963378905278e+01
3.792999967447916987e+01
3.796999971516927275e+01
3.801000040690103532e+01
3.804999979654947850e+01
3.808999983723958138e+01
3.812999987792968426e+01
3.816999991861978714e+01
3.821000061035156392e+01
3.824999999999999289e+01
3.829000004069009577e+01
3.832999943033853896e+01
3.836999947102864184e+01
3.841000016276041862e+01
3.844999955240884759e+01
3.848999959309895047e+01
3.852999963378905335e+01
3.856999967447917044e+01
3.861000036621093301e+01
3.864999975585937619e+01
3.868999979654947907e+01
3.873000048828124164e+01
3.876999987792968483e+01
3.881000056966146161e+01
3.884999995930989058e+01
3.888999999999999346e+01
3.893000004069009634e+01
3.896999943033853953e+01
3.901000012207031631e+01
3.904999951171874528e+01
3.908999955240884816e+01
3.912999959309895104e+01
3.916999963378905392e+01
3.920999967447915679e+01
3.924999971516927388e+01
3.928999975585937676e+01
3.932999979654947964e+01
3.936999983723958252e+01
3.941000052897134509e+01
3.944999991861978828e+01
3.948999995930989115e+01
3.952999999999999403e+01
3.957000004069009691e+01
3.961000008138019979e+01
3.964999947102864297e+01
3.968999951171874585e+01
3.973000020345052263e+01
3.976999959309895161e+01
3.980999963378905449e+01
3.984999967447915736e+01
3.988999971516927445e+01
3.993000040690103702e+01
3.996999979654948021e+01
4.000999983723958309e+01
4.004999987792968597e+01
4.008999991861978884e+01
4.013000061035156563e+01
4.016999999999999460e+01
4.021000004069009748e+01
4.024999943033854066e+01
4.028999947102864354e+01
4.033000016276042032e+01
4.036999955240884930e+01
4.040999959309895218e+01
4.044999963378905505e+01
4.048999967447915793e+01
4.053000036621093471e+01
4.056999975585937790e+01
4.060999979654948078e+01
4.065000048828124335e+01
4.068999987792968653e+01
4.073000056966144911e+01
4.076999995930989229e+01
4.080999999999999517e+01
4.085000069173177195e+01
4.088999943033854123e+01
4.092999947102864411e+01
4.096999951171874699e+01
4.100999955240884987e+01
4.104999959309895274e+01
4.108999963378905562e+01
4.112999967447915850e+01
4.116999971516926138e+01
4.120999975585937847e+01
4.124999979654948135e+01
4.128999983723958422e+01
4.132999987792968710e+01
4.136999991861978998e+01
4.140999995930989286e+01
4.144999999999999574e+01
4.149000004069009861e+01
4.153000008138020149e+01
4.156999947102864468e+01
4.160999951171874756e+01
4.165000020345052434e+01
4.168999959309895331e+01
4.173000028483073010e+01
4.176999967447915907e+01
4.180999971516926195e+01
4.185000040690103873e+01
4.188999979654948191e+01
4.192999983723958479e+01
4.196999987792968767e+01
4.200999991861979055e+01
4.205000061035155312e+01
4.208999999999999631e+01
4.213000004069009918e+01
4.216999943033854237e+01
4.220999947102864525e+01
4.225000016276040782e+01
4.228999955240885100e+01
4.232999959309895388e+01
4.236999963378905676e+01
4.240999967447915964e+01
4.245000036621093642e+01
4.248999975585936539e+01
4.252999979654948248e+01
4.256999983723958536e+01
4.260999987792968824e+01
4.265000056966145081e+01
4.268999995930989400e+01
4.272999999999999687e+01
4.277000004069009975e+01
4.280999943033854294e+01
4.285000012207030551e+01
4.288999951171874869e+01
4.292999955240885157e+01
4.296999959309895445e+01
4.300999963378905733e+01
4.305000032552083411e+01
4.308999971516926308e+01
4.312999975585936596e+01
4.316999979654948305e+01
4.320999983723958593e+01
4.324999987792968881e+01
4.328999991861979169e+01
4.332999995930989456e+01
4.336999999999999744e+01
4.341000004069010032e+01
4.345000008138020320e+01
4.348999947102864638e+01
4.352999951171874926e+01
4.356999955240885214e+01
4.360999959309895502e+01
4.365000028483073180e+01
4.368999967447916077e+01
4.372999971516926365e+01
4.377000040690104044e+01
4.380999979654946941e+01
4.385000048828124619e+01
4.388999987792968938e+01
4.392999991861979225e+01
4.397000061035155483e+01
4.400999999999999801e+01
4.405000004069010089e+01
4.408999943033854407e+01
4.412999947102864695e+01
4.417000016276040952e+01
4.420999955240885271e+01
4.424999959309895559e+01
4.428999963378905846e+01
4.432999967447916134e+01
4.437000036621093813e+01
4.440999975585936710e+01
4.444999979654946998e+01
4.448999983723958707e+01
4.452999987792968994e+01
4.457000056966145252e+01
4.460999995930989570e+01
4.464999999999999858e+01
4.469000004069010146e+01
4.472999943033854464e+01
4.477000012207030721e+01
4.480999951171875040e+01
4.484999955240885328e+01
4.488999959309895615e+01
4.492999963378905903e+01
4.496999967447916191e+01
4.500999971516926479e+01
4.504999975585936767e+01
4.509000044759114445e+01
4.512999983723957342e+01
4.516999987792969051e+01
4.520999991861979339e+01
4.524999995930989627e+01
4.528999999999999915e+01
4.533000004069010203e+01
4.537000008138020490e+01
4.540999947102864809e+01
4.544999951171875097e+01
4.549000020345051354e+01
4.552999959309895672e+01
4.557000028483071929e+01
4.560999967447916248e+01
4.564999971516926536e+01
4.569000040690104214e+01
4.572999979654947111e+01
4.576999983723957399e+01
4.580999987792969108e+01
4.584999991861979396e+01
4.589000061035155653e+01
4.592999999999999972e+01
4.597000004069010259e+01
4.600999943033854578e+01
4.604999947102864866e+01
4.609000016276041123e+01
4.612999955240885441e+01
4.616999959309895729e+01
4.621000028483071986e+01
4.624999967447916305e+01
4.629000036621093983e+01
4.632999975585936880e+01
4.636999979654947168e+01
4.640999983723957456e+01
4.644999987792969165e+01
4.649000056966145422e+01
4.652999995930989741e+01
4.657000000000000028e+01
4.661000069173176286e+01
4.664999943033853214e+01
4.668999947102864922e+01
4.672999951171875210e+01
4.676999955240885498e+01
4.680999959309895786e+01
4.684999963378906074e+01
4.689000032552083752e+01
4.692999971516926649e+01
4.696999975585936937e+01
4.701000044759114616e+01
4.704999983723957513e+01
4.708999987792967801e+01
4.712999991861979510e+01
4.716999995930989797e+01
4.721000000000000085e+01
4.725000004069010373e+01
4.729000008138020661e+01
4.732999947102864979e+01
4.736999951171875267e+01
4.741000020345051524e+01
4.744999959309895843e+01
4.749000028483072100e+01
4.752999967447916418e+01
4.756999971516926706e+01
4.761000040690104385e+01
4.764999979654947282e+01
4.768999983723957570e+01
4.772999987792967858e+01
4.776999991861979566e+01
4.781000061035155824e+01
4.785000000000000142e+01
4.789000004069010430e+01
4.792999943033853327e+01
4.796999947102863615e+01
4.801000016276041293e+01
4.804999955240885612e+01
4.808999959309895900e+01
4.812999963378906187e+01
4.816999967447916475e+01
4.821000036621094154e+01
4.824999975585937051e+01
4.828999979654947339e+01
4.832999983723957627e+01
4.836999987792967914e+01
4.840999991861978202e+01
4.844999995930989911e+01
4.849000000000000199e+01
4.853000004069010487e+01
4.856999943033853384e+01
4.861000012207031062e+01
4.864999951171875381e+01
4.868999955240885669e+01
4.872999959309895956e+01
4.876999963378906244e+01
4.881000032552082502e+01
4.884999971516926820e+01
4.888999975585937108e+01
4.892999979654947396e+01
4.896999983723957683e+01
4.901000052897135362e+01
4.904999991861978259e+01
4.908999995930989968e+01
4.913000065104166225e+01
4.917000004069010544e+01
4.921000008138020831e+01
4.924999947102863729e+01
4.928999951171874017e+01
4.933000020345051695e+01
4.936999959309896013e+01
4.940999963378906301e+01
4.944999967447916589e+01
4.948999971516926877e+01
4.953000040690104555e+01
4.956999979654947452e+01
4.960999983723957740e+01
4.965000052897135419e+01
4.968999991861978316e+01
4.973000061035155994e+01
4.977000000000000313e+01
4.981000004069010600e+01
4.984999943033853498e+01
4.988999947102863786e+01
4.993000016276041464e+01
4.996999955240885782e+01
5.000999959309896070e+01
5.005000028483072327e+01
5.008999967447916646e+01
5.013000036621092903e+01
5.016999975585937221e+01
5.020999979654947509e+01
5.024999983723957797e+01
5.028999987792968085e+01
5.033000056966145763e+01
5.036999995930988661e+01
5.041000000000000369e+01
5.045000069173176627e+01
5.048999943033853555e+01
5.053000012207031233e+01
5.056999951171874130e+01
5.060999955240885839e+01
5.065000024414062096e+01
5.068999963378906415e+01
5.072999967447916703e+01
5.076999971516926990e+01
5.080999975585937278e+01
5.085000044759114957e+01
5.088999983723957854e+01
5.092999987792968142e+01
5.096999991861978430e+01
5.100999995930988717e+01
5.105000065104166396e+01
5.109000004069010714e+01
5.112999943033853611e+01
5.116999947102863899e+01
5.120999951171874187e+01
5.125000020345051865e+01
5.128999959309896184e+01
5.132999963378906472e+01
5.137000032552082729e+01
5.140999971516927047e+01
5.145000040690103305e+01
5.148999979654947623e+01
5.152999983723957911e+01
5.156999987792968199e+01
5.160999991861978486e+01
5.165000061035156165e+01
5.168999999999999062e+01
5.173000004069010771e+01
5.177000008138021059e+01
5.180999947102863956e+01
5.185000016276041634e+01
5.188999955240884532e+01
5.192999959309896241e+01
5.197000028483072498e+01
5.200999967447916816e+01
5.205000036621093074e+01
5.208999975585937392e+01
5.212999979654947680e+01
5.217000048828125358e+01
5.220999987792968255e+01
5.225000056966145934e+01
5.228999995930988831e+01
5.232999999999999119e+01
5.237000069173176797e+01
5.240999943033853725e+01
5.245000012207031403e+01
5.248999951171874301e+01
5.252999955240884589e+01
5.257000024414062267e+01
5.260999963378906585e+01
5.264999967447916873e+01
5.268999971516927161e+01
5.272999975585937449e+01
5.277000044759113706e+01
5.280999983723958024e+01
5.284999987792968312e+01
5.288999991861978600e+01
5.292999995930988888e+01
5.297000065104166566e+01
5.301000004069009464e+01
5.304999943033853782e+01
5.308999947102864070e+01
5.312999951171874358e+01
5.317000020345052036e+01
5.320999959309894933e+01
5.324999963378906642e+01
5.328999967447916930e+01
5.332999971516927218e+01
5.336999975585937506e+01
5.340999979654947794e+01
5.344999983723958081e+01
5.349000052897135760e+01
5.352999991861978657e+01
5.356999995930988945e+01
5.360999999999999233e+01
5.365000004069009520e+01
5.368999943033853839e+01
5.372999947102864127e+01
5.377000016276041805e+01
5.380999955240884702e+01
5.384999959309894990e+01
5.388999963378905278e+01
5.392999967447916987e+01
5.396999971516927275e+01
5.400999975585937563e+01
5.404999979654947850e+01
5.409000048828124108e+01
5.412999987792968426e+01
5.417000056966146104e+01
5.420999995930989002e+01
5.424999999999999289e+01
5.429000069173176968e+01
5.432999943033853896e+01
5.436999947102864184e+01
5.440999951171874471e+01
5.444999955240884759e+01
5.449000024414062437e+01
5.452999963378905335e+01
5.456999967447917044e+01
5.460999971516927332e+01
5.464999975585937619e+01
5.469000044759113877e+01
5.472999983723958195e+01
5.476999987792968483e+01
5.480999991861978771e+01
5.484999995930989058e+01
5.489000065104166737e+01
5.493000004069009634e+01
5.496999943033853953e+01
5.501000012207031631e+01
5.504999951171874528e+01
5.509000020345052206e+01
5.512999959309895104e+01
5.516999963378905392e+01
5.520999967447915679e+01
5.524999971516927388e+01
5.529000040690103646e+01
5.532999979654947964e+01
5.536999983723958252e+01
5.541000052897134509e+01
5.544999991861978828e+01
5.549000061035156506e+01
5.552999999999999403e+01
5.557000004069009691e+01
5.560999943033854009e+01
5.564999947102864297e+01
5.569000016276041976e+01
5.572999955240884873e+01
5.576999959309895161e+01
5.581000028483072839e+01
5.584999967447915736e+01
5.588999971516927445e+01
5.592999975585937733e+01
5.596999979654948021e+01
5.601000048828124278e+01
5.604999987792968597e+01
5.608999991861978884e+01
5.612999995930989172e+01
5.616999999999999460e+01
5.621000069173177138e+01
5.624999943033854066e+01
5.628999947102864354e+01
5.633000016276042032e+01
5.636999955240884930e+01
5.641000024414062608e+01
5.644999963378905505e+01
5.648999967447915793e+01
5.652999971516927502e+01
5.656999975585937790e+01
5.661000044759114047e+01
5.664999983723958366e+01
5.668999987792968653e+01
5.672999991861978941e+01
5.676999995930989229e+01
5.681000065104166907e+01
5.685000004069009805e+01
5.688999943033854123e+01
5.692999947102864411e+01
5.696999951171874699e+01
5.701000020345052377e+01
5.704999959309895274e+01
5.708999963378905562e+01
5.712999967447915850e+01
5.716999971516926138e+01
5.720999975585937847e+01
5.724999979654948135e+01
5.728999983723958422e+01
5.733000052897134680e+01
5.736999991861978998e+01
5.741000061035156676e+01
5.744999999999999574e+01
5.749000004069009861e+01
5.753000008138020149e+01
5.756999947102864468e+01
5.760999951171874756e+01
5.764999955240885043e+01
5.768999959309895331e+01
5.773000028483073010e+01
5.776999967447915907e+01
5.780999971516926195e+01
5.784999975585937904e+01
5.788999979654948191e+01
5.793000048828124449e+01
5.796999987792968767e+01
5.800999991861979055e+01
5.804999995930989343e+01
5.808999999999999631e+01
5.813000069173177309e+01
5.816999943033854237e+01
5.820999947102864525e+01
5.824999951171874812e+01
5.828999955240885100e+01
5.833000024414062779e+01
5.836999963378905676e+01
5.840999967447915964e+01
5.844999971516926252e+01
5.848999975585936539e+01
5.852999979654948248e+01
5.856999983723958536e+01
5.860999987792968824e+01
5.865000056966145081e+01
5.868999995930989400e+01
5.873000065104167078e+01
5.877000004069009975e+01
5.880999943033854294e+01
5.885000012207030551e+01
5.888999951171874869e+01
5.892999955240885157e+01
5.896999959309895445e+01
5.900999963378905733e+01
5.905000032552083411e+01
5.908999971516926308e+01
5.913000040690103987e+01
5.916999979654948305e+01
5.920999983723958593e+01
5.925000052897134850e+01
5.928999991861979169e+01
5.932999995930989456e+01
5.936999999999999744e+01
5.941000004069010032e+01
5.945000008138020320e+01
5.948999947102864638e+01
5.952999951171874926e+01
5.957000020345051183e+01
5.960999959309895502e+01
5.965000028483073180e+01
5.968999967447916077e+01
5.972999971516926365e+01
5.976999975585936653e+01
5.980999979654946941e+01
5.985000048828124619e+01
5.988999987792968938e+01
5.992999991861979225e+01
5.996999995930989513e+01
6.000999999999999801e+01
6.005000069173177479e+01
6.008999943033854407e+01
6.012999947102864695e+01
6.016999951171874983e+01
6.020999955240885271e+01
6.024999959309895559e+01
6.028999963378905846e+01
6.032999967447916134e+01
6.036999971516926422e+01
6.040999975585936710e+01
6.044999979654946998e+01
6.048999983723958707e+01
6.052999987792968994e+01
6.057000056966145252e+01
6.060999995930989570e+01
6.065000065104165827e+01
6.069000004069010146e+01
6.072999943033854464e+01
6.077000012207030721e+01
6.080999951171875040e+01
6.085000020345051297e+01
6.088999959309895615e+01
6.092999963378905903e+01
6.097000032552083582e+01
6.100999971516926479e+01
6.104999975585936767e+01
6.108999979654947055e+01
6.112999983723957342e+01
6.117000052897135021e+01
6.120999991861979339e+01
6.124999995930989627e+01
6.128999999999999915e+01
6.133000004069010203e+01
6.137000008138020490e+01
6.140999947102864809e+01
6.144999951171875097e+01
6.148999955240885384e+01
6.152999959309895672e+01
6.157000028483071929e+01
6.160999967447916248e+01
6.164999971516926536e+01
6.169000040690104214e+01
6.172999979654947111e+01
6.177000048828124790e+01
6.180999987792969108e+01
6.184999991861979396e+01
6.188999995930989684e+01
6.192999999999999972e+01
6.197000069173176229e+01
6.200999943033854578e+01
6.204999947102864866e+01
6.208999951171875153e+01
6.212999955240885441e+01
6.217000024414061699e+01
6.220999963378906017e+01
6.224999967447916305e+01
6.228999971516926593e+01
6.232999975585936880e+01
6.237000044759114559e+01
6.240999983723957456e+01
6.244999987792969165e+01
6.248999991861979453e+01
6.252999995930989741e+01
6.257000065104165998e+01
6.261000004069010316e+01
6.264999943033853214e+01
6.268999947102864922e+01
6.272999951171875210e+01
6.277000020345051468e+01
6.280999959309895786e+01
6.284999963378906074e+01
6.289000032552083752e+01
6.292999971516926649e+01
6.297000040690104328e+01
6.300999979654947225e+01
6.304999983723957513e+01
6.309000052897135191e+01
6.312999991861979510e+01
6.316999995930989797e+01
6.321000000000000085e+01
6.325000004069010373e+01
6.329000008138020661e+01
6.332999947102864979e+01
6.336999951171875267e+01
6.340999955240885555e+01
6.344999959309895843e+01
6.349000028483072100e+01
6.352999967447916418e+01
6.356999971516926706e+01
6.360999975585936994e+01
6.364999979654947282e+01
6.369000048828124960e+01
6.372999987792967858e+01
6.376999991861979566e+01
6.380999995930989854e+01
6.385000000000000142e+01
6.389000069173176399e+01
6.392999943033853327e+01
6.396999947102863615e+01
6.400999951171876035e+01
6.404999955240886322e+01
6.409000024414062580e+01
6.412999963378906898e+01
6.416999967447917186e+01
6.420999971516927474e+01
6.424999975585937761e+01
6.429000044759115440e+01
6.432999983723958337e+01
6.436999987792968625e+01
6.440999991861978913e+01
6.444999995930990622e+01
6.449000065104166879e+01
6.453000004069011197e+01
6.456999943033854095e+01
6.460999947102864382e+01
6.464999951171876091e+01
6.468999955240886379e+01
6.472999959309896667e+01
6.476999963378906955e+01
6.481000032552083212e+01
6.484999971516927531e+01
6.488999975585937818e+01
6.492999979654948106e+01
6.496999983723958394e+01
6.500999987792968682e+01
6.504999991861978970e+01
6.509000061035156648e+01
6.513000000000000966e+01
6.517000004069011254e+01
6.521000008138021542e+01
6.524999947102864439e+01
6.529000016276042118e+01
6.532999955240886436e+01
6.536999959309896724e+01
6.541000028483072981e+01
6.544999967447917300e+01
6.549000036621093557e+01
6.552999975585937875e+01
6.556999979654948163e+01
6.560999983723958451e+01
6.564999987792968739e+01
6.568999991861979026e+01
6.572999995930989314e+01
6.577000000000001023e+01
6.581000004069011311e+01
6.584999943033854208e+01
6.588999947102864496e+01
6.592999951171874784e+01
6.596999955240886493e+01
6.601000024414062750e+01
6.604999963378907069e+01
6.609000032552083326e+01
6.612999971516927644e+01
6.616999975585937932e+01
6.621000044759115610e+01
6.624999983723958508e+01
6.629000052897136186e+01
6.632999991861979083e+01
6.636999995930989371e+01
6.641000065104167049e+01
6.645000004069011368e+01
6.649000008138021656e+01
6.652999947102864553e+01
6.656999951171874841e+01
6.661000020345052519e+01
6.664999959309896838e+01
6.669000028483073095e+01
6.672999967447917413e+01
6.676999971516927701e+01
6.680999975585937989e+01
6.684999979654948277e+01
6.689000048828125955e+01
6.692999987792968852e+01
6.696999991861979140e+01
6.700999995930989428e+01
6.704999999999999716e+01
6.709000004069010004e+01
6.712999943033854322e+01
6.716999947102864610e+01
6.720999951171874898e+01
6.724999955240885186e+01
6.728999959309895473e+01
6.732999963378905761e+01
6.736999967447916049e+01
6.740999971516926337e+01
6.744999975585936625e+01
6.749000044759112882e+01
6.752999983723957200e+01
6.756999987792967488e+01
6.760999991861977776e+01
6.764999995930988064e+01
6.769000065104167163e+01
6.773000004069011482e+01
6.776999943033852958e+01
6.781000012207032057e+01
6.784999951171873533e+01
6.788999955240883821e+01
6.792999959309896951e+01
6.796999963378907239e+01
6.800999967447917527e+01
6.804999971516927815e+01
6.808999975585938103e+01
6.812999979654948390e+01
6.816999983723958678e+01
6.820999987792968966e+01
6.824999991861979254e+01
6.828999995930989542e+01
6.832999999999999829e+01
6.837000004069010117e+01
6.840999943033854436e+01
6.844999947102864724e+01
6.849000016276040981e+01
6.852999955240885299e+01
6.856999959309895587e+01
6.861000028483071844e+01
6.864999967447916163e+01
6.869000036621092420e+01
6.872999975585936738e+01
6.876999979654947026e+01
6.880999983723957314e+01
6.884999987792967602e+01
6.888999991861977890e+01
6.892999995930988177e+01
6.896999999999998465e+01
6.901000004069008753e+01
6.904999943033853071e+01
6.909000012207032171e+01
6.912999951171873647e+01
6.916999955240883935e+01
6.920999959309894223e+01
6.924999963378907353e+01
6.928999967447917641e+01
6.932999971516927928e+01
6.936999975585938216e+01
6.941000044759114473e+01
6.944999983723958792e+01
6.949000052897135049e+01
6.952999991861979368e+01
6.956999995930989655e+01
6.960999999999999943e+01
6.965000004069010231e+01
6.968999943033854549e+01
6.972999947102864837e+01
6.976999951171875125e+01
6.981000020345051382e+01
6.984999959309895701e+01
6.988999963378905989e+01
6.992999967447916276e+01
6.996999971516926564e+01
7.000999975585936852e+01
7.004999979654947140e+01
7.009000048828123397e+01
7.012999987792967715e+01
7.016999991861978003e+01
7.020999995930988291e+01
7.024999999999998579e+01
7.029000069173177678e+01
7.032999943033853185e+01
7.036999947102863473e+01
7.040999951171873761e+01
7.044999955240884049e+01
7.049000024414063148e+01
7.052999963378904624e+01
7.056999967447917754e+01
7.060999971516928042e+01
7.064999975585938330e+01
7.069000044759114587e+01
7.072999983723958906e+01
7.076999987792969193e+01
7.081000056966145451e+01
7.084999995930989769e+01
7.089000065104166026e+01
7.093000004069010345e+01
7.096999943033854663e+01
7.100999947102864951e+01
7.104999951171875239e+01
7.109000020345051496e+01
7.112999959309895814e+01
7.116999963378906102e+01
7.120999967447916390e+01
7.124999971516926678e+01
7.129000040690102935e+01
7.132999979654947253e+01
7.136999983723957541e+01
7.140999987792967829e+01
7.144999991861978117e+01
7.149000061035157216e+01
7.152999999999998693e+01
7.157000004069008980e+01
7.160999943033853299e+01
7.164999947102863587e+01
7.169000016276042686e+01
7.172999955240884162e+01
7.176999959309894450e+01
7.180999963378904738e+01
7.184999967447915026e+01
7.189000036621094125e+01
7.192999975585938444e+01
7.196999979654948731e+01
7.200999983723959019e+01
7.204999987792969307e+01
7.209000056966145564e+01
7.212999995930989883e+01
7.217000065104166140e+01
7.221000004069010458e+01
7.224999943033854777e+01
7.229000012207031034e+01
7.232999951171875352e+01
7.237000020345051610e+01
7.240999959309895928e+01
7.244999963378906216e+01
7.249000032552082473e+01
7.252999971516926792e+01
7.257000040690103049e+01
7.260999979654947367e+01
7.264999983723957655e+01
7.269000052897133912e+01
7.272999991861978231e+01
7.277000061035157330e+01
7.280999999999998806e+01
7.285000004069009094e+01
7.288999943033853413e+01
7.292999947102863700e+01
7.297000016276042800e+01
7.300999955240884276e+01
7.304999959309894564e+01
7.308999963378904852e+01
7.312999967447915139e+01
7.317000036621094239e+01
7.320999975585938557e+01
7.324999979654948845e+01
7.329000048828125102e+01
7.332999987792969421e+01
7.337000056966145678e+01
7.340999995930989996e+01
7.345000000000000284e+01
7.349000004069010572e+01
7.352999943033854890e+01
7.357000012207031148e+01
7.360999951171875466e+01
7.364999955240885754e+01
7.368999959309896042e+01
7.372999963378906330e+01
7.377000032552082587e+01
7.380999971516926905e+01
7.384999975585937193e+01
7.388999979654947481e+01
7.392999983723957769e+01
7.397000052897134026e+01
7.400999991861978344e+01
7.404999995930988632e+01
7.408999999999998920e+01
7.413000004069009208e+01
7.417000008138019496e+01
7.420999947102863814e+01
7.424999951171874102e+01
7.428999955240884390e+01
7.432999959309894678e+01
7.437000028483073777e+01
7.440999967447915253e+01
7.445000036621094353e+01
7.448999975585935829e+01
7.452999979654948959e+01
7.456999983723959247e+01
7.460999987792969534e+01
7.465000056966145792e+01
7.468999995930990110e+01
7.473000000000000398e+01
7.477000069173176655e+01
7.480999943033855004e+01
7.485000012207031261e+01
7.488999951171875580e+01
7.492999955240885868e+01
7.497000024414062125e+01
7.500999963378906443e+01
7.504999967447916731e+01
7.508999971516927019e+01
7.512999975585937307e+01
7.517000044759113564e+01
7.520999983723957882e+01
7.525000052897134140e+01
7.528999991861978458e+01
7.532999995930988746e+01
7.537000065104165003e+01
7.541000004069009321e+01
7.545000008138019609e+01
7.548999947102863928e+01
7.552999951171874216e+01
7.556999955240884503e+01
7.560999959309894791e+01
7.565000028483073891e+01
7.568999967447915367e+01
7.572999971516925655e+01
7.576999975585935942e+01
7.580999979654946230e+01
7.585000048828125330e+01
7.588999987792969648e+01
7.592999991861979936e+01
7.596999995930990224e+01
7.601000000000000512e+01
7.605000069173176769e+01
7.608999943033855118e+01
7.612999947102865406e+01
7.616999951171875693e+01
7.620999955240885981e+01
7.625000024414062239e+01
7.628999963378906557e+01
7.632999967447916845e+01
7.636999971516927133e+01
7.640999975585937420e+01
7.645000044759113678e+01
7.648999983723957996e+01
7.652999987792968284e+01
7.656999991861978572e+01
7.660999995930988860e+01
7.665000065104165117e+01
7.669000004069009435e+01
7.672999943033853754e+01
7.676999947102864041e+01
7.680999951171874329e+01
7.685000020345050586e+01
7.688999959309894905e+01
7.693000028483074004e+01
7.696999967447915481e+01
7.700999971516925768e+01
7.704999975585936056e+01
7.708999979654946344e+01
7.713000048828125443e+01
7.716999987792969762e+01
7.720999991861980050e+01
7.724999995930990337e+01
7.729000000000000625e+01
7.733000004069010913e+01
7.736999943033855232e+01
7.740999947102865519e+01
7.745000016276041777e+01
7.748999955240886095e+01
7.753000024414062352e+01
7.756999963378906671e+01
7.760999967447916958e+01
7.764999971516927246e+01
7.768999975585937534e+01
7.773000044759113791e+01
7.776999983723958110e+01
7.780999987792968398e+01
7.784999991861978685e+01
7.788999995930988973e+01
7.793000065104165230e+01
7.797000004069009549e+01
7.800999943033853867e+01
7.804999947102864155e+01
7.808999951171874443e+01
7.813000020345050700e+01
7.816999959309895019e+01
7.820999963378905306e+01
7.824999967447915594e+01
7.828999971516925882e+01
7.833000040690104981e+01
7.836999979654946458e+01
7.840999983723956746e+01
7.844999987792969875e+01
7.848999991861980163e+01
7.853000061035156421e+01
7.857000000000000739e+01
7.861000004069011027e+01
7.864999943033852503e+01
7.868999947102865633e+01
7.873000016276041890e+01
7.876999955240886209e+01
7.880999959309896497e+01
7.884999963378906784e+01
7.888999967447917072e+01
7.893000036621093329e+01
7.896999975585937648e+01
7.900999979654947936e+01
7.904999983723958223e+01
7.908999987792968511e+01
7.913000056966144768e+01
7.916999995930989087e+01
7.921000065104165344e+01
7.925000004069009663e+01
7.928999943033853981e+01
7.933000012207030238e+01
7.936999951171874557e+01
7.941000020345050814e+01
7.944999959309895132e+01
7.948999963378905420e+01
7.953000032552081677e+01
7.956999971516925996e+01
7.960999975585936284e+01
7.964999979654946571e+01
7.968999983723956859e+01
7.972999987792967147e+01
7.976999991861980277e+01
7.980999995930990565e+01
7.985000000000000853e+01
7.989000004069011140e+01
7.993000008138021428e+01
7.996999947102862905e+01
8.001000016276042004e+01
8.004999955240886322e+01
8.008999959309896610e+01
8.012999963378906898e+01
8.016999967447917186e+01
8.021000036621093443e+01
8.024999975585937761e+01
8.028999979654948049e+01
8.032999983723958337e+01
8.036999987792968625e+01
8.041000056966144882e+01
8.044999995930989201e+01
8.048999999999999488e+01
8.053000004069009776e+01
8.056999943033854095e+01
8.061000012207030352e+01
8.064999951171874670e+01
8.068999955240884958e+01
8.072999959309895246e+01
8.076999963378905534e+01
8.081000032552081791e+01
8.084999971516926109e+01
8.088999975585936397e+01
8.092999979654946685e+01
8.096999983723956973e+01
8.101000052897136072e+01
8.104999991861977549e+01
8.108999995930990679e+01
8.113000000000000966e+01
8.117000004069011254e+01
8.121000008138021542e+01
8.124999947102863018e+01
8.128999951171873306e+01
8.132999955240886436e+01
8.136999959309896724e+01
8.141000028483072981e+01
8.144999967447917300e+01
8.148999971516927587e+01
8.152999975585937875e+01
8.156999979654948163e+01
8.161000048828124420e+01
8.164999987792968739e+01
8.168999991861979026e+01
8.172999995930989314e+01
8.176999999999999602e+01
8.181000069173175859e+01
8.184999943033854208e+01
8.188999947102864496e+01
8.192999951171874784e+01
8.196999955240885072e+01
8.201000024414061329e+01
8.204999963378905647e+01
8.209000032552081905e+01
8.212999971516926223e+01
8.216999975585936511e+01
8.221000044759115610e+01
8.224999983723957087e+01
8.229000052897136186e+01
8.232999991861977662e+01
8.236999995930987950e+01
8.241000065104167049e+01
8.245000004069011368e+01
8.249000008138021656e+01
8.252999947102863132e+01
8.256999951171873420e+01
8.260999955240886550e+01
8.264999959309896838e+01
8.268999963378907125e+01
8.272999967447917413e+01
8.276999971516927701e+01
8.280999975585937989e+01
8.284999979654948277e+01
8.289000048828124534e+01
8.292999987792968852e+01
8.296999991861979140e+01
8.301000061035155397e+01
8.304999999999999716e+01
8.309000069173175973e+01
8.312999943033854322e+01
8.316999947102864610e+01
8.321000016276040867e+01
8.324999955240885186e+01
8.328999959309895473e+01
8.332999963378905761e+01
8.336999967447916049e+01
8.340999971516926337e+01
8.344999975585936625e+01
8.349000044759112882e+01
8.352999983723957200e+01
8.356999987792967488e+01
8.361000056966146587e+01
8.364999995930988064e+01
8.369000065104167163e+01
8.373000004069011482e+01
8.376999943033852958e+01
8.380999947102863246e+01
8.384999951171873533e+01
8.389000020345052633e+01
8.392999959309896951e+01
8.396999963378907239e+01
8.400999967447917527e+01
8.404999971516927815e+01
8.409000040690104072e+01
8.412999979654948390e+01
8.416999983723958678e+01
8.420999987792968966e+01
8.424999991861979254e+01
8.429000061035155511e+01
8.432999999999999829e+01
8.437000004069010117e+01
8.440999943033854436e+01
8.444999947102864724e+01
8.449000016276040981e+01
8.452999955240885299e+01
8.457000024414061556e+01
8.460999963378905875e+01
8.464999967447916163e+01
8.469000036621092420e+01
8.472999975585936738e+01
8.477000044759112996e+01
8.480999983723957314e+01
8.484999987792967602e+01
8.488999991861977890e+01
8.492999995930988177e+01
8.497000065104167277e+01
8.501000004069008753e+01
8.504999943033853071e+01
8.508999947102863359e+01
8.512999951171873647e+01
8.517000020345052747e+01
8.520999959309894223e+01
8.524999963378907353e+01
8.528999967447917641e+01
8.532999971516927928e+01
8.537000040690104186e+01
8.540999979654948504e+01
8.544999983723958792e+01
8.548999987792969080e+01
8.552999991861979368e+01
8.557000061035155625e+01
8.560999999999999943e+01
8.565000004069010231e+01
8.569000008138020519e+01
8.572999947102864837e+01
8.577000016276041094e+01
8.580999955240885413e+01
8.584999959309895701e+01
8.588999963378905989e+01
8.592999967447916276e+01
8.597000036621092534e+01
8.600999975585936852e+01
8.604999979654947140e+01
8.608999983723957428e+01
8.612999987792967715e+01
8.617000056966146815e+01
8.620999995930988291e+01
8.624999999999998579e+01
8.629000004069008867e+01
8.632999943033853185e+01
8.637000012207032285e+01
8.640999951171873761e+01
8.644999955240884049e+01
8.648999959309894336e+01
8.652999963378904624e+01
8.657000032552083724e+01
8.660999971516928042e+01
8.664999975585938330e+01
8.668999979654948618e+01
8.672999983723958906e+01
8.677000052897135163e+01
8.680999991861979481e+01
8.685000061035155738e+01
8.689000000000000057e+01
8.693000004069010345e+01
8.697000008138020632e+01
8.700999947102864951e+01
8.705000016276041208e+01
8.708999955240885527e+01
8.712999959309895814e+01
8.716999963378906102e+01
8.720999967447916390e+01
8.725000036621092647e+01
8.728999975585936966e+01
8.732999979654947253e+01
8.736999983723957541e+01
8.740999987792967829e+01
8.745000056966146929e+01
8.748999995930988405e+01
8.752999999999998693e+01
8.757000004069008980e+01
8.760999943033853299e+01
8.764999947102863587e+01
8.768999951171873875e+01
8.772999955240884162e+01
8.776999959309894450e+01
8.780999963378904738e+01
8.785000032552083837e+01
8.788999971516928156e+01
8.792999975585938444e+01
8.796999979654948731e+01
8.800999983723959019e+01
8.804999987792969307e+01
8.808999991861979595e+01
8.812999995930989883e+01
8.817000065104166140e+01
8.821000004069010458e+01
8.825000008138020746e+01
8.828999947102865065e+01
8.832999951171875352e+01
8.837000020345051610e+01
8.840999959309895928e+01
8.845000028483072185e+01
8.848999967447916504e+01
8.852999971516926792e+01
8.856999975585937079e+01
8.860999979654947367e+01
8.865000048828123624e+01
8.868999987792967943e+01
8.872999991861978231e+01
8.876999995930988518e+01
8.880999999999998806e+01
8.885000069173177906e+01
8.888999943033853413e+01
8.893000012207029670e+01
8.896999951171873988e+01
8.900999955240884276e+01
8.905000024414063375e+01
8.908999963378904852e+01
8.913000032552083951e+01
8.916999971516925427e+01
8.920999975585938557e+01
8.924999979654948845e+01
8.928999983723959133e+01
8.932999987792969421e+01
8.936999991861979709e+01
8.940999995930989996e+01
8.945000065104166254e+01
8.949000004069010572e+01
8.952999943033854890e+01
8.956999947102865178e+01
8.960999951171875466e+01
8.964999955240885754e+01
8.968999959309896042e+01
8.973000028483072299e+01
8.976999967447916617e+01
8.980999971516926905e+01
8.984999975585937193e+01
8.988999979654947481e+01
8.993000048828123738e+01
8.996999987792968057e+01
9.000999991861978344e+01
9.004999995930988632e+01
9.008999999999998920e+01
9.013000069173178019e+01
9.016999943033853526e+01
9.020999947102863814e+01
9.024999951171874102e+01
9.028999955240884390e+01
9.033000024414063489e+01
9.036999963378904965e+01
9.040999967447915253e+01
9.044999971516925541e+01
9.048999975585935829e+01
9.053000044759114928e+01
9.056999983723959247e+01
9.061000052897135504e+01
9.064999991861979822e+01
9.068999995930990110e+01
9.073000065104166367e+01
9.077000004069010686e+01
9.081000008138020974e+01
9.084999947102865292e+01
9.088999951171875580e+01
9.092999955240885868e+01
9.096999959309896155e+01
9.101000028483072413e+01
9.104999967447916731e+01
9.108999971516927019e+01
9.113000040690103276e+01
9.116999979654947595e+01
9.120999983723957882e+01
9.124999987792968170e+01
9.128999991861978458e+01
9.132999995930988746e+01
9.136999999999999034e+01
9.141000069173178133e+01
9.144999943033853640e+01
9.148999947102863928e+01
9.153000016276040185e+01
9.156999955240884503e+01
9.161000024414063603e+01
9.164999963378905079e+01
9.168999967447915367e+01
9.172999971516925655e+01
9.176999975585935942e+01
9.181000044759115042e+01
9.184999983723959360e+01
9.188999987792969648e+01
9.192999991861979936e+01
9.196999995930990224e+01
9.201000065104166481e+01
9.205000004069010799e+01
9.208999943033855118e+01
9.212999947102865406e+01
9.216999951171875693e+01
9.221000020345051951e+01
9.224999959309896269e+01
9.228999963378906557e+01
9.232999967447916845e+01
9.236999971516927133e+01
9.241000040690103390e+01
9.244999979654947708e+01
9.248999983723957996e+01
9.252999987792968284e+01
9.256999991861978572e+01
9.260999995930988860e+01
9.264999999999999147e+01
9.269000069173175405e+01
9.272999943033853754e+01
9.276999947102864041e+01
9.280999951171874329e+01
9.284999955240884617e+01
9.289000024414060874e+01
9.292999963378905193e+01
9.296999967447915481e+01
9.300999971516925768e+01
9.304999975585936056e+01
9.309000044759115156e+01
9.312999983723956632e+01
9.316999987792969762e+01
9.320999991861980050e+01
9.324999995930990337e+01
9.329000065104166595e+01
9.333000004069010913e+01
9.336999943033855232e+01
9.340999947102865519e+01
9.344999951171875807e+01
9.349000020345052064e+01
9.352999959309896383e+01
9.356999963378906671e+01
9.360999967447916958e+01
9.364999971516927246e+01
9.369000040690103503e+01
9.372999979654947822e+01
9.376999983723958110e+01
9.380999987792968398e+01
9.384999991861978685e+01
9.389000061035154943e+01
9.392999999999999261e+01
9.397000069173175518e+01
9.400999943033853867e+01
9.404999947102864155e+01
9.408999951171874443e+01
9.412999955240884731e+01
9.417000024414060988e+01
9.420999963378905306e+01
9.424999967447915594e+01
9.428999971516925882e+01
9.432999975585936170e+01
9.437000044759115269e+01
9.440999983723956746e+01
9.444999987792969875e+01
9.449000056966146133e+01
9.452999995930990451e+01
9.457000065104166708e+01
9.461000004069011027e+01
9.464999943033852503e+01
9.469000012207031602e+01
9.472999951171875921e+01
9.477000020345052178e+01
9.480999959309896497e+01
9.484999963378906784e+01
9.488999967447917072e+01
9.492999971516927360e+01
9.497000040690103617e+01
9.500999979654947936e+01
9.504999983723958223e+01
9.508999987792968511e+01
9.512999991861978799e+01
9.517000061035155056e+01
9.520999999999999375e+01
9.525000069173175632e+01
9.528999943033853981e+01
9.532999947102864269e+01
9.536999951171874557e+01
9.540999955240884844e+01
9.545000024414061102e+01
9.548999963378905420e+01
9.552999967447915708e+01
9.556999971516925996e+01
9.560999975585936284e+01
9.564999979654946571e+01
9.568999983723956859e+01
9.572999987792967147e+01
9.576999991861980277e+01
9.580999995930990565e+01
9.585000065104166822e+01
9.589000004069011140e+01
9.592999943033852617e+01
9.596999947102862905e+01
9.600999951171876035e+01
9.605000020345052292e+01
9.608999959309896610e+01
9.612999963378906898e+01
9.616999967447917186e+01
9.620999971516927474e+01
9.625000040690103731e+01
9.628999979654948049e+01
9.632999983723958337e+01
9.636999987792968625e+01
9.640999991861978913e+01
9.645000061035155170e+01
9.648999999999999488e+01
9.653000069173175746e+01
9.656999943033854095e+01
9.660999947102864382e+01
9.664999951171874670e+01
9.668999955240884958e+01
9.673000024414061215e+01
9.676999963378905534e+01
9.680999967447915822e+01
9.684999971516926109e+01
9.688999975585936397e+01
9.693000044759115497e+01
9.696999983723956973e+01
9.700999987792967261e+01
9.704999991861977549e+01
9.708999995930990679e+01
9.713000065104166936e+01
9.717000004069011254e+01
9.720999943033852730e+01
9.724999947102863018e+01
9.728999951171873306e+01
9.733000020345052405e+01
9.736999959309896724e+01
9.740999963378907012e+01
9.744999967447917300e+01
9.748999971516927587e+01
9.753000040690103845e+01
9.756999979654948163e+01
9.760999983723958451e+01
9.764999987792968739e+01
9.768999991861979026e+01
9.773000061035155284e+01
9.776999999999999602e+01
9.781000004069009890e+01
9.784999943033854208e+01
9.788999947102864496e+01
9.793000016276040753e+01
9.796999955240885072e+01
9.800999959309895360e+01
9.804999963378905647e+01
9.808999967447915935e+01
9.812999971516926223e+01
9.816999975585936511e+01
9.821000044759115610e+01
9.824999983723957087e+01
9.828999987792967374e+01
9.832999991861977662e+01
9.836999995930987950e+01
9.841000065104167049e+01
9.845000004069011368e+01
9.848999943033852844e+01
9.853000012207031943e+01
9.856999951171873420e+01
9.861000020345052519e+01
9.864999959309896838e+01
9.868999963378907125e+01
9.872999967447917413e+01
9.876999971516927701e+01
9.881000040690103958e+01
9.884999979654948277e+01
9.888999983723958564e+01
9.892999987792968852e+01
9.896999991861979140e+01
9.901000061035155397e+01
9.904999999999999716e+01
9.909000069173175973e+01
9.912999943033854322e+01
9.916999947102864610e+01
9.920999951171874898e+01
9.924999955240885186e+01
9.929000024414061443e+01
9.932999963378905761e+01
9.936999967447916049e+01
9.940999971516926337e+01
9.944999975585936625e+01
9.949000044759112882e+01
9.952999983723957200e+01
9.956999987792967488e+01
9.960999991861977776e+01
9.964999995930988064e+01
9.969000065104167163e+01
9.973000004069011482e+01
9.976999943033852958e+01
9.980999947102863246e+01
9.984999951171873533e+01
9.989000020345052633e+01
9.992999959309896951e+01
9.996999963378907239e+01
1.000099996744791753e+02
1.000499997151692497e+02
1.000900004069010407e+02
1.001299997965494555e+02
1.001699998372395868e+02
1.002099998779296897e+02
1.002499999186197925e+02
1.002900006103515551e+02
1.003299999999999983e+02
1.003700000406901012e+02
1.004099994303385444e+02
1.004499994710286472e+02
1.004899995117187501e+02
1.005299995524088530e+02
1.005699995930989559e+02
1.006099996337890587e+02
1.006499996744791616e+02
1.006899997151692645e+02
1.007299997558593674e+02
1.007700004475911300e+02
1.008099998372395731e+02
1.008499998779296760e+02
1.008900005696614386e+02
1.009299999593098818e+02
1.009700006510416443e+02
1.010100000406900875e+02
1.010499994303385307e+02
1.010899994710286336e+02
1.011299995117187365e+02
1.011700002034504990e+02
1.012099995930989422e+02
1.012499996337890451e+02
1.012899996744791480e+02
1.013299997151692509e+02
1.013700004069010419e+02
1.014099997965494566e+02
1.014499998372395595e+02
1.014899998779296908e+02
1.015299999186197937e+02
1.015700006103515562e+02
1.016099999999999994e+02
1.016500000406901023e+02
1.016899994303385455e+02
1.017299994710286484e+02
1.017700001627604109e+02
1.018099995524088541e+02
1.018500002441406167e+02
1.018899996337890599e+02
1.019299996744791628e+02
1.019699997151692656e+02
1.020099997558593685e+02
1.020500004475911311e+02
1.020899998372395743e+02
1.021299998779296772e+02
1.021700005696614397e+02
1.022099999593098829e+02
1.022500006510416455e+02
1.022900000406900887e+02
1.023299994303385319e+02
1.023699994710286347e+02
1.024099995117187376e+02
1.024500002034505002e+02
1.024899995930989434e+02
1.025299996337890462e+02
1.025699996744791491e+02
1.026099997151692520e+02
1.026500004069010430e+02
1.026899997965494578e+02
1.027300004882812487e+02
1.027699998779296919e+02
1.028099999186197948e+02
1.028499999593098977e+02
1.028900000000000006e+02
1.029300006917317631e+02
1.029699994303385182e+02
1.030099994710286495e+02
1.030499995117187524e+02
1.030899995524088553e+02
1.031300002441406178e+02
1.031699996337890610e+02
1.032099996744791639e+02
1.032499997151692668e+02
1.032899997558593697e+02
1.033300004475911322e+02
1.033699998372395754e+02
1.034099998779296783e+02
1.034499999186197812e+02
1.034899999593098840e+02
1.035300006510416466e+02
1.035700000406900898e+02
1.036099994303385330e+02
1.036499994710286359e+02
1.036899995117187387e+02
1.037300002034505013e+02
1.037699995930989445e+02
1.038100002848307071e+02
1.038499996744791503e+02
1.038899997151692531e+02
1.039299997558593560e+02
1.039699997965494589e+02
1.040100004882812499e+02
1.040499998779296646e+02
1.040899999186197959e+02
1.041299999593098988e+02
1.041700000000000017e+02
1.042100006917317643e+02
1.042499994303385193e+02
1.042899994710286222e+02
1.043299995117187535e+02
1.043699995524088564e+02
1.044099995930989593e+02
1.044499996337890622e+02
1.044899996744791650e+02
1.045299997151692679e+02
1.045699997558593708e+02
1.046100004475911334e+02
1.046499998372395766e+02
1.046899998779296794e+02
1.047299999186197823e+02
1.047699999593098852e+02
1.048100006510416478e+02
1.048500000406900909e+02
1.048899994303385341e+02
1.049299994710286370e+02
1.049699995117187399e+02
1.050100002034505025e+02
1.050499995930989456e+02
1.050900002848307082e+02
1.051299996744791514e+02
1.051699997151692543e+02
1.052099997558593572e+02
1.052499997965494600e+02
1.052900004882812510e+02
1.053299998779296658e+02
1.053699999186197687e+02
1.054099999593099000e+02
1.054500000000000028e+02
1.054900006917317654e+02
1.055299994303385205e+02
1.055699994710286234e+02
1.056100001627604144e+02
1.056499995524088575e+02
1.056900002441406201e+02
1.057299996337890633e+02
1.057699996744791662e+02
1.058100003662109287e+02
1.058499997558593719e+02
1.058900004475911345e+02
1.059299998372395777e+02
1.059699998779296806e+02
1.060099999186197834e+02
1.060499999593098863e+02
1.060900006510416489e+02
1.061300000406900921e+02
1.061699994303385353e+02
1.062099994710286381e+02
1.062499995117187410e+02
1.062900002034505036e+02
1.063299995930989468e+02
1.063700002848307093e+02
1.064099996744791525e+02
1.064499997151692554e+02
1.064899997558593583e+02
1.065299997965494612e+02
1.065700004882812522e+02
1.066099998779296669e+02
1.066499999186197698e+02
1.066899999593098727e+02
1.067300000000000040e+02
1.067700000406901069e+02
1.068099994303385216e+02
1.068499994710286245e+02
1.068899995117187274e+02
1.069299995524088303e+02
1.069700002441406212e+02
1.070099996337890644e+02
1.070499996744791673e+02
1.070899997151692702e+02
1.071299997558593731e+02
1.071700004475911356e+02
1.072099998372395788e+02
1.072499998779296817e+02
1.072899999186197846e+02
1.073299999593098875e+02
1.073700006510416500e+02
1.074100000406900932e+02
1.074500000813801961e+02
1.074899994710286393e+02
1.075299995117187422e+02
1.075699995524088450e+02
1.076099995930989479e+02
1.076500002848307105e+02
1.076899996744791537e+02
1.077299997151692565e+02
1.077699997558593594e+02
1.078099997965494623e+02
1.078499998372395652e+02
1.078899998779296681e+02
1.079299999186197709e+02
1.079700006103515619e+02
1.080099999999999767e+02
1.080500006917317677e+02
1.080899994303385228e+02
1.081299994710286256e+02
1.081700001627604166e+02
1.082099995524088314e+02
1.082500002441406224e+02
1.082899996337890656e+02
1.083299996744791684e+02
1.083699997151692713e+02
1.084099997558593742e+02
1.084500004475911368e+02
1.084899998372395800e+02
1.085300005289713425e+02
1.085699999186197857e+02
1.086099999593098886e+02
1.086500006510416512e+02
1.086900000406900944e+02
1.087299994303385375e+02
1.087699994710286404e+02
1.088099995117187433e+02
1.088500002034505059e+02
1.088899995930989490e+02
1.089299996337890519e+02
1.089699996744791548e+02
1.090099997151692577e+02
1.090499997558593606e+02
1.090899997965494634e+02
1.091300004882812544e+02
1.091699998779296692e+02
1.092099999186197721e+02
1.092499999593098750e+02
1.092899999999999778e+02
1.093300006917317688e+02
1.093699994303385239e+02
1.094099994710286268e+02
1.094499995117187297e+02
1.094899995524088325e+02
1.095300002441406235e+02
1.095699996337890383e+02
1.096099996744791696e+02
1.096499997151692725e+02
1.096899997558593753e+02
1.097299997965494782e+02
1.097699998372395811e+02
1.098099998779296840e+02
1.098499999186197869e+02
1.098899999593098897e+02
1.099300006510416523e+02
1.099700000406900955e+02
1.100099994303385387e+02
1.100499994710286416e+02
1.100899995117187444e+02
1.101300002034505070e+02
1.101699995930989502e+02
1.102100002848307128e+02
1.102499996744791559e+02
1.102899997151692588e+02
1.103299997558593617e+02
1.103699997965494646e+02
1.104100004882812271e+02
1.104499998779296703e+02
1.104899999186197732e+02
1.105299999593098761e+02
1.105699999999999790e+02
1.106100006917317700e+02
1.106499994303385250e+02
1.106900001220703160e+02
1.107299995117187308e+02
1.107699995524088337e+02
1.108099995930989365e+02
1.108499996337890394e+02
1.108900003255208304e+02
1.109299997151692736e+02
1.109699997558593765e+02
1.110099997965494794e+02
1.110499998372395822e+02
1.110900005289713448e+02
1.111299999186197880e+02
1.111699999593098909e+02
1.112099999999999937e+02
1.112500000406900966e+02
1.112900000813801995e+02
1.113299994710286427e+02
1.113699995117187456e+02
1.114099995524088484e+02
1.114499995930989513e+02
1.114900002848307139e+02
1.115299996744791571e+02
1.115699997151692600e+02
1.116099997558593628e+02
1.116499997965494657e+02
1.116900004882812283e+02
1.117299998779296715e+02
1.117700005696614625e+02
1.118099999593098772e+02
1.118499999999999801e+02
1.118900000406900830e+02
1.119299994303385262e+02
1.119700001220702887e+02
1.120099995117187319e+02
1.120499995524088348e+02
1.120899995930989377e+02
1.121299996337890406e+02
1.121700003255208316e+02
1.122099997151692463e+02
1.122499997558593776e+02
1.122900004475911402e+02
1.123299998372395834e+02
1.123700005289713459e+02
1.124099999186197891e+02
1.124499999593098920e+02
1.124899999999999949e+02
1.125300000406900978e+02
1.125700000813802006e+02
1.126099994710286438e+02
1.126499995117187467e+02
1.126899995524088496e+02
1.127299995930989525e+02
1.127700002848307150e+02
1.128099996744791582e+02
1.128500003662109208e+02
1.128899997558593640e+02
1.129299997965494669e+02
1.129699998372395697e+02
1.130099998779296726e+02
1.130500005696614352e+02
1.130899999593098784e+02
1.131299999999999812e+02
1.131700000406900841e+02
1.132099994303385273e+02
1.132500001220702899e+02
1.132899995117187331e+02
1.133299995524088359e+02
1.133699995930989388e+02
1.134099996337890417e+02
1.134500003255208327e+02
1.134899997151692759e+02
1.135299997558593503e+02
1.135699997965494816e+02
1.136099998372395845e+02
1.136500005289713471e+02
1.136899999186197903e+02
1.137300006103515528e+02
1.137699999999999960e+02
1.138100000406900989e+02
1.138499994303385421e+02
1.138899994710286450e+02
1.139300001627604075e+02
1.139699995524088507e+02
1.140099995930989536e+02
1.140499996337890565e+02
1.140899996744791594e+02
1.141299997151692622e+02
1.141699997558593651e+02
1.142099997965494680e+02
1.142499998372395709e+02
1.142899998779296737e+02
1.143300005696614363e+02
1.143699999593098795e+02
1.144099999999999824e+02
1.144500000406900853e+02
