0.000000000000000000e+00 0.000000000000000000e+00 0.000000000000000000e+00
-2.521776986350296568e+00 -1.687130520655894250e-01 1.074590240864081725e-02
-5.031441338081519277e+00 1.114598550646007658e+00 2.939963031424630557e-02
-7.077215816390832082e+00 4.347532554516654990e+00 1.036529270309619055e-01
-8.044264792325520830e+00 9.572737033010874086e+00 1.631690267434267871e-01
-8.405585853387840700e+00 1.618673202602612449e+01 2.121060188367669408e-01
-8.251204615154293265e+00 2.350912337643064376e+01 3.585283274507506945e-01
-8.134928673484941086e+00 3.077852872918591487e+01 5.447453754403717152e-01
-8.023733792670073584e+00 3.805742836487581116e+01 7.861895760686383738e-01
-7.780775862255708830e+00 4.548771172864000079e+01 1.126643401217148455e+00
-7.608548782786239251e+00 5.226318575178515147e+01 1.433489439329260762e+00
-7.780368978803779534e+00 5.904060940159914850e+01 1.741160323637807039e+00
-8.543360180994445940e+00 6.611381901016152085e+01 2.030509600560492345e+00
-1.052280454597938508e+01 7.283105206285011946e+01 2.469739173833759516e+00
-1.390931319600930927e+01 7.859086979725843491e+01 2.777911467557481640e+00
-1.865870831470783386e+01 8.311201537621134605e+01 2.942384413313225533e+00
-2.451753420495786884e+01 8.625778456222845136e+01 3.173803424197103151e+00
-3.103546096308084401e+01 8.767241263700223897e+01 3.307910767810179564e+00
-3.744944208442719003e+01 8.798361424821760579e+01 3.360279281755676806e+00
-4.373627764088083580e+01 8.797222488771643611e+01 3.362936475047477725e+00
-5.059642885591812700e+01 8.784874067644787488e+01 3.432729817016933360e+00
-5.807925590242459180e+01 8.758790000126069231e+01 3.496598214094031931e+00
-6.613499563123880876e+01 8.733252693538960898e+01 3.529084694116000342e+00
-7.418063120506347730e+01 8.711098160866255569e+01 3.601704926231212855e+00
-8.249862593664956023e+01 8.699900658510009066e+01 3.737615281515387800e+00
-9.063061074170212805e+01 8.686869834984226202e+01 3.813771716166816983e+00
-9.868876542884478908e+01 8.683332216046588314e+01 4.046591563142982295e+00
-1.068472258964911674e+02 8.672661902838505910e+01 4.313267413715700549e+00
-1.142699687376885436e+02 8.662290449585930219e+01 4.515085279299166032e+00
-1.210744825792552319e+02 8.651449123968068022e+01 4.706491167137518694e+00
-1.277670534284700352e+02 8.635773828782326689e+01 4.902058366626473429e+00
-1.346209654120740140e+02 8.616743044194338097e+01 5.113892143293198522e+00
-1.412173661274497647e+02 8.594560503313255140e+01 5.437241117197060269e+00
-1.472779267463690474e+02 8.573000426808745544e+01 5.848892836596487399e+00
-1.525583469627066791e+02 8.561066594210548431e+01 6.232984411505169575e+00
-1.567795081608742294e+02 8.554396436419558825e+01 6.542588524764688884e+00
-1.587763275548016395e+02 8.547840838310595757e+01 6.659547373285080951e+00
-1.599180686453488534e+02 8.544946816492830521e+01 6.718419624344276642e+00
-1.610998987645681666e+02 8.539253165489827779e+01 6.731412633953892666e+00
-1.626845061380217317e+02 8.539395530699435710e+01 6.801215698878801064e+00
-1.648347208530370267e+02 8.535132764837574371e+01 6.843563113293240185e+00
-1.681085004869111117e+02 8.546148294880829610e+01 6.946383175935902266e+00
-1.714262080026169883e+02 8.640090593008196151e+01 7.094138993833807305e+00
-1.748271238358303492e+02 8.902076839082735660e+01 7.450358831731795028e+00
-1.775162494797941406e+02 9.372613461933286771e+01 8.030622784224409116e+00
-1.795621938802457294e+02 9.945639621872696523e+01 8.713435454103473532e+00
-1.810669169814251802e+02 1.047701826832722247e+02 9.319624071002209575e+00
-1.820307353352440316e+02 1.092186556224318252e+02 9.820312213143251867e+00
-1.824258896369317426e+02 1.123378685170238072e+02 1.014161288934727523e+01
-1.823418836599731776e+02 1.143966089229356697e+02 1.030742287581584549e+01
-1.813557973767866542e+02 1.172066227759501373e+02 1.051095269413241873e+01
-1.786567702789500629e+02 1.205380476431047043e+02 1.065922975521523242e+01
-1.748113520112135006e+02 1.231582627841376905e+02 1.065633126315202261e+01
-1.702569424516816525e+02 1.249787483525209808e+02 1.052507873881842038e+01
-1.652763977791579464e+02 1.261930765782224597e+02 1.035744128493245597e+01
-1.590373035184054800e+02 1.274733623828396247e+02 1.007829695755726540e+01
-1.511951426973533330e+02 1.291800210856386570e+02 9.778493929629330950e+00
-1.426585261384773844e+02 1.310578299160922313e+02 9.426322938463870926e+00
-1.337528394984626914e+02 1.330591119448162942e+02 9.014550765094760720e+00
-1.236738591750636829e+02 1.353848652561831898e+02 8.613239494002119301e+00
-1.134645030739250871e+02 1.378241598240786061e+02 8.218204993232868460e+00
-1.024478007881626525e+02 1.405707548142706571e+02 7.770570768864001110e+00
-9.101113252878000992e+01 1.433768636175360882e+02 7.289314819451968575e+00
-7.910444048344562873e+01 1.460367589042762404e+02 6.784789518548016929e+00
-6.790437083623804426e+01 1.486458295938078322e+02 6.303535811070426043e+00
-5.727580477870168352e+01 1.510758933538555198e+02 5.863089828079649735e+00
-4.646137792152477886e+01 1.535797309657895369e+02 5.433038261070580965e+00
-3.626623771699063781e+01 1.559800773018615985e+02 5.061547355184745633e+00
-2.659655897046265949e+01 1.581976704120354498e+02 4.682497618557356134e+00
-1.798811118190805303e+01 1.601430651076525180e+02 4.330649299159634147e+00
-1.093383558180037696e+01 1.617553060307912745e+02 4.041288641461210140e+00
-5.032947431410889294e+00 1.631747757379262396e+02 3.860207791791688159e+00
-1.353194255390843814e-01 1.643497898549197487e+02 3.722862439249313482e+00
3.830157275464562971e+00 1.652380359356375266e+02 3.622165232362209331e+00
7.497437129758536933e+00 1.657599811611505061e+02 3.456202759088851106e+00
1.148335521150034033e+01 1.653079895924531684e+02 3.201375214584309514e+00
1.568621128905170536e+01 1.631390474117921201e+02 2.783868884462104010e+00
1.959608478872459614e+01 1.598710401047286780e+02 2.313064455530969621e+00
2.344036984468317897e+01 1.555230070850938660e+02 1.808557186746436063e+00
2.700993771011829736e+01 1.501324215649975429e+02 1.230710490710317906e+00
3.023048747132135006e+01 1.440102744944977644e+02 5.629725586809986027e-01
3.366896657586467967e+01 1.372146161843582206e+02 -1.949265943612847884e-01
3.745459200738530825e+01 1.297861794624692209e+02 -9.986491020523446949e-01
4.152237046525307562e+01 1.220861489305896868e+02 -1.843809613163464256e+00
4.578890879032951489e+01 1.142475334280990893e+02 -2.638873608058331488e+00
4.978282509739424455e+01 1.062198328575454553e+02 -3.505776668260154327e+00
5.338728526972113286e+01 9.849001795894317013e+01 -4.239374503541768924e+00
5.708601183256196521e+01 9.079457027141543790e+01 -5.079123898322549735e+00
6.076872815873591804e+01 8.323781489676488832e+01 -5.859124436887103826e+00
6.430475722350547585e+01 7.587762166905010019e+01 -6.606850613659607241e+00
6.778133229760661038e+01 6.860590985178716039e+01 -7.335260663606276488e+00
7.111537658913914584e+01 6.176189728944376611e+01 -8.072254863126344659e+00
7.415291405876550357e+01 5.531610289433934469e+01 -8.692125063613719504e+00
7.655766505311973447e+01 5.029727178630359674e+01 -9.175982741932010356e+00
7.826374463131787707e+01 4.661207675713851017e+01 -9.482507427337406369e+00
7.915268146465933796e+01 4.416800081722266214e+01 -9.647059822019540931e+00
7.945255204720375275e+01 4.197701967379332189e+01 -9.755496914358417371e+00
7.877887017257921798e+01 3.939486034749310051e+01 -9.825816317727802840e+00
7.669445496047731581e+01 3.670721142381746915e+01 -9.823867508154224382e+00
7.349639181864576187e+01 3.449021789435209229e+01 -9.814744242941001673e+00
6.930815877068808106e+01 3.187809433930717518e+01 -9.733640555295417940e+00
6.380365050525297477e+01 2.901456098088081248e+01 -9.599624692929040748e+00
5.754258068730412390e+01 2.614828185048455822e+01 -9.429774189996390277e+00
5.111675793979630100e+01 2.332302246234518250e+01 -9.331731163129285633e+00
4.434577015674847189e+01 2.021518056018056342e+01 -9.184774683729798994e+00
3.746482435113983911e+01 1.700471144167408966e+01 -9.065374104544657641e+00
3.087342161520297168e+01 1.383200488709154286e+01 -8.946144367632895111e+00
2.485510385872241557e+01 1.095556680857500886e+01 -8.803270118262357613e+00
1.993675723181474169e+01 8.401172129115781928e+00 -8.726407624235269722e+00
1.598651878481311606e+01 6.143171548787317526e+00 -8.630289425015648774e+00
