0.000000000000000000e+00 0.000000000000000000e+00 0.000000000000000000e+00
8.207250622147527208e-01 2.386167895946783801e+00 -1.456052951171503684e-01
2.975629693846367552e+00 4.199980183234068853e+00 -2.605061965185516137e-01
6.749083807960460923e+00 4.836237860911757558e+00 -2.619926339559906503e-01
1.194173076241489362e+01 3.708375330881742649e+00 -1.821259485205535267e-01
1.818028843258505134e+01 1.485296939990863763e+00 -5.477123255459137585e-02
2.487330959758568838e+01 -1.480248453073438775e+00 2.120921685869625595e-01
3.153261000415665549e+01 -4.387764391340478021e+00 5.155435752532180338e-01
3.820316233599669431e+01 -7.290846913206609159e+00 8.739487083699404302e-01
4.496323998413665635e+01 -1.036757192887802503e+01 1.341505525203168459e+00
5.114662852267520066e+01 -1.312800001696611574e+01 1.761253112790756248e+00
5.746500304550312421e+01 -1.557258022598870539e+01 2.160875276988853511e+00
6.428476310725979204e+01 -1.758879651346261852e+01 2.510661461139105377e+00
7.124863618033275259e+01 -1.833876107802718636e+01 2.930450229907869186e+00
7.787316861276505620e+01 -1.743188990685607820e+01 3.119087587265230166e+00
8.388181385801020440e+01 -1.480081393088024200e+01 3.062374293971934502e+00
8.905244158573792390e+01 -1.061276254949909514e+01 2.983920380058029398e+00
9.288112829744963506e+01 -5.154655938388144065e+00 2.741839749427421591e+00
9.565141295710938607e+01 6.295844074576568694e-01 2.407744013691689222e+00
9.807456699419716983e+01 6.418543551686224369e+00 2.026882843029529369e+00
1.006169433875396351e+02 1.278253261566534960e+01 1.676364614292318977e+00
1.032736550992513429e+02 1.977219988293257202e+01 1.279877266944996483e+00
1.061568803244763188e+02 2.728492751055965471e+01 8.172190827607952457e-01
1.090677700010379425e+02 3.477776603761098073e+01 3.957465563984031709e-01
1.121857241683198794e+02 4.248274252557408204e+01 2.249901669475601329e-02
1.152141957874800511e+02 5.001995468035183734e+01 -3.993223938305015541e-01
1.183031235677193251e+02 5.746224703007859347e+01 -6.588416469689419852e-01
1.213654405626805328e+02 6.502652427851359107e+01 -8.917715164145563200e-01
1.241450935376892772e+02 7.190869718022864276e+01 -1.144526767089028008e+00
1.266809980523736101e+02 7.822322105664795799e+01 -1.370048538860827891e+00
1.291290394836354949e+02 8.445370678983891821e+01 -1.585326256578581283e+00
1.316087541983503399e+02 9.084663021326269927e+01 -1.794717067389357767e+00
1.339607992433955417e+02 9.702174342647626304e+01 -1.877587998320353835e+00
1.361120094536058502e+02 1.027069194024525984e+02 -1.839561271593623148e+00
1.380497184576920233e+02 1.076353537056084804e+02 -1.780008367542045056e+00
1.396252046488013150e+02 1.115641956787294617e+02 -1.729408809131165903e+00
1.403388531447549212e+02 1.134340544357917082e+02 -1.735431259887005195e+00
1.407547031472998640e+02 1.144993998829338153e+02 -1.746731722044080781e+00
1.411598172614139912e+02 1.156096100931441129e+02 -1.806691782104139721e+00
1.417752016457984325e+02 1.170713608438949649e+02 -1.833624995317375328e+00
1.425686520962489965e+02 1.190688503333847024e+02 -1.923117788110161763e+00
1.439384839280810127e+02 1.220447632462978049e+02 -2.018442953275320750e+00
1.460903517959492888e+02 1.247430905736251106e+02 -2.058992292614654662e+00
1.498258292734274448e+02 1.268808653483997659e+02 -1.871012893215163730e+00
1.552107992433982702e+02 1.275708983814322721e+02 -1.384322322644447878e+00
1.612927520606222913e+02 1.272790535196210726e+02 -7.404851595661015029e-01
1.667804641378008341e+02 1.266455910413049253e+02 -1.464524933724591915e-01
1.712599433875420516e+02 1.258426371201705365e+02 3.621132178960494441e-01
1.742919667223515319e+02 1.250195338857886895e+02 7.061091728509258925e-01
1.761592376818355206e+02 1.241561386216717437e+02 9.080140136917933535e-01
1.783703641082622937e+02 1.221744781111601128e+02 1.213990088166388981e+00
1.803986310752289057e+02 1.184116401231710256e+02 1.577194434112338506e+00
1.813259289731258832e+02 1.138597636967440536e+02 1.848608235914038112e+00
1.812401776217739382e+02 1.089569524354826768e+02 2.022992271949815457e+00
1.804302319812175597e+02 1.038942888227163621e+02 2.177831384791665048e+00
1.791928442884398294e+02 9.764121669974417728e+01 2.299124344022173805e+00
1.777278352794305931e+02 8.974697405710041664e+01 2.504027677355571413e+00
1.761513027140785539e+02 8.114431554284851700e+01 2.701611660518861147e+00
1.745451746187696642e+02 7.215061579884034870e+01 2.864092031710006037e+00
1.727841342013028907e+02 6.195252385771713222e+01 3.113487048201782237e+00
1.710773728169676247e+02 5.159094342646476861e+01 3.378822271950418177e+00
1.693409188036322348e+02 4.036439606045497897e+01 3.645560073141159929e+00
1.674964456767129661e+02 2.872633537743240950e+01 3.905254022061093178e+00
1.653349914355861472e+02 1.671093111415359900e+01 4.168161100779008699e+00
1.634004328770274981e+02 5.366782465504578603e+00 4.410435335013153768e+00
1.615224478920426350e+02 -5.379754951911612793e+00 4.655868848526806048e+00
1.596406370812320006e+02 -1.632519200896845035e+01 4.924130830508711476e+00
1.579036941382891825e+02 -2.665716318013925346e+01 5.211504734412642392e+00
1.562015825690930910e+02 -3.643544128875505805e+01 5.456516362651053775e+00
1.546595626461418362e+02 -4.513031516162502754e+01 5.659829728751089029e+00
1.534125890331848439e+02 -5.226246738433842154e+01 5.825678368046143696e+00
1.524353938379898636e+02 -5.825211242938255651e+01 6.026336866544731663e+00
1.516215882188114676e+02 -6.322139580088879285e+01 6.205755382348614901e+00
1.509045650091611890e+02 -6.721981543238409529e+01 6.360553052730775647e+00
1.499646100542058491e+02 -7.080622504199320133e+01 6.426462001679611902e+00
1.480024689130641207e+02 -7.431456978673777769e+01 6.408302902580470750e+00
1.443717279347968372e+02 -7.736843531837081400e+01 6.214909949457798177e+00
1.398405303023209569e+02 -7.973088176921130810e+01 5.933750623744199260e+00
1.343385950391885899e+02 -8.161727759454450393e+01 5.598536686364168347e+00
1.279810454896389160e+02 -8.285216648343300960e+01 5.157527046724424302e+00
1.210832234302914685e+02 -8.348851801801825445e+01 4.594399381431998108e+00
1.134791847108274823e+02 -8.407044189326893502e+01 3.944336346680132444e+00
1.051568923364860808e+02 -8.472983044739682157e+01 3.260087377054841529e+00
9.647456591006000792e+01 -8.554633315009957073e+01 2.547556956634411840e+00
8.758800370285293013e+01 -8.648898795490427460e+01 1.895037783961758926e+00
7.863194260478785225e+01 -8.711212632688268798e+01 1.151322372378053238e+00
7.010257762177218410e+01 -8.748388630325246140e+01 5.214329566344646505e-01
6.156738843258317218e+01 -8.796226858553480099e+01 -2.081302085306989125e-01
5.316684819234347970e+01 -8.847585987682609243e+01 -8.769291394616240964e-01
4.500463465338091140e+01 -8.892852030844407807e+01 -1.519472941059806903e+00
3.694720290705858901e+01 -8.935950646841764922e+01 -2.145018496818940523e+00
2.933920841486207820e+01 -8.982533781706132459e+01 -2.781320426322156703e+00
2.221428212627839471e+01 -9.016512954649567746e+01 -3.312753133455522470e+00
1.665130044459703385e+01 -9.046626468163080403e+01 -3.725330851173215496e+00
1.259011545961214473e+01 -9.062945387081998661e+01 -3.983249950272306439e+00
9.990944960299344757e+00 -9.051210166437626015e+01 -4.130432244770188888e+00
7.853699153305977454e+00 -8.994718269964887725e+01 -4.253679740062084491e+00
5.733008252405114469e+00 -8.833282624319252818e+01 -4.404193073395427760e+00
4.061843027179861565e+00 -8.537518540235187459e+01 -4.570202592914929696e+00
3.255791705858517737e+00 -8.157452293988970382e+01 -4.789801571893880450e+00
2.469409904056724780e+00 -7.670550101796808917e+01 -5.003943163485515377e+00
1.961261946098701303e+00 -7.052485837532576340e+01 -5.249357818140137688e+00
1.743791433043225370e+00 -6.364483044739831996e+01 -5.505180978928026825e+00
1.627226971944222056e+00 -5.663354617624190723e+01 -5.842093511538403838e+00
1.384200032053517271e+00 -4.919232926588944110e+01 -6.155530417460700399e+00
1.088848642795462229e+00 -4.161195387082236152e+01 -6.504734184506438588e+00
7.162314385912638137e-01 -3.431259981676838322e+01 -6.835879499821698069e+00
3.951655947474327357e-01 -2.765366918613767666e+01 -7.103978809131045402e+00
-5.540349844226394316e-02 -2.213548014964336019e+01 -7.365994422201775471e+00
-6.072608207007030856e-01 -1.762148853335333598e+01 -7.545255794805290073e+00
